Date,Prob_Up,Prob_Down,Prediction,Actual
2002-12-27,0.79605964009134,0.20394035990866,Up,Down
2002-12-30,0.8065812690388148,0.19341873096118523,Up,Down
2002-12-31,0.8041852189986645,0.19581478100133554,Up,Down
2003-01-01,0.793292915930544,0.2067070840694561,Up,Down
2003-01-02,0.8051475371489145,0.19485246285108554,Up,Down
2003-01-03,0.8096090975196706,0.19039090248032936,Up,Down
2003-01-06,0.8178683434727994,0.18213165652720065,Up,Down
2003-01-07,0.8222310763632397,0.17776892363676028,Up,Down
2003-01-08,0.8102351718933001,0.18976482810669992,Up,Down
2003-01-09,0.7971553143612196,0.2028446856387805,Up,Down
2003-01-10,0.8242962951001713,0.17570370489982867,Up,Down
2003-01-13,0.8346037579191936,0.1653962420808064,Up,Down
2003-01-14,0.8262232684113947,0.1737767315886053,Up,Down
2003-01-15,0.8154623247677848,0.18453767523221526,Up,Down
2003-01-16,0.8106338622801225,0.18936613771987754,Up,Down
2003-01-17,0.8127676174651459,0.18723238253485402,Up,Down
2003-01-20,0.8290923643638055,0.17090763563619454,Up,Down
2003-01-21,0.8266935015411772,0.17330649845882284,Up,Down
2003-01-22,0.8183022366259782,0.18169776337402177,Up,Down
2003-01-23,0.837903490234811,0.16209650976518897,Up,Down
2003-01-24,0.8605278985843674,0.1394721014156326,Up,Down
2003-01-27,0.8869700751971212,0.11302992480287882,Up,Down
2003-01-28,0.8741237908754415,0.12587620912455855,Up,Down
2003-01-29,0.8865098823714639,0.11349011762853606,Up,Down
2003-01-30,0.8902443947914686,0.10975560520853145,Up,Down
2003-01-31,0.8795576111603375,0.12044238883966252,Up,Down
2003-02-03,0.8598649907588964,0.14013500924110356,Up,Down
2003-02-04,0.8595344477071869,0.14046555229281305,Up,Down
2003-02-05,0.8704055049112642,0.12959449508873577,Up,Down
2003-02-06,0.8466128861709736,0.1533871138290263,Up,Down
2003-02-07,0.8554130350113935,0.14458696498860646,Up,Down
2003-02-10,0.8686682288256296,0.13133177117437045,Up,Down
2003-02-11,0.8695417167410104,0.13045828325898956,Up,Down
2003-02-12,0.8737259757715425,0.12627402422845752,Up,Down
2003-02-14,0.8863220178237979,0.11367798217620206,Up,Down
2003-02-17,0.8530220921759,0.14697790782410008,Up,Down
2003-02-18,0.8506701660677309,0.14932983393226906,Up,Down
2003-02-19,0.8435425501992939,0.15645744980070608,Up,Down
2003-02-20,0.8408547859564506,0.15914521404354942,Up,Down
2003-02-21,0.8395823281716837,0.16041767182831634,Up,Down
2003-02-24,0.8334894608344627,0.1665105391655372,Up,Down
2003-02-25,0.8554764111813871,0.14452358881861294,Up,Down
2003-02-26,0.8643454185814742,0.13565458141852582,Up,Down
2003-02-27,0.8597370148348262,0.14026298516517383,Up,Down
2003-02-28,0.8431912716040906,0.15680872839590937,Up,Down
2003-03-03,0.8502063799386235,0.14979362006137653,Up,Down
2003-03-04,0.8637200717538804,0.13627992824611962,Up,Down
2003-03-05,0.8724752810585323,0.1275247189414676,Up,Down
2003-03-06,0.886187348831549,0.11381265116845096,Up,Down
2003-03-07,0.905459103156033,0.09454089684396705,Up,Down
2003-03-10,0.9184734167481212,0.08152658325187884,Up,Down
2003-03-11,0.9077048128215859,0.09229518717841412,Up,Down
2003-03-12,0.9242620059828858,0.07573799401711423,Up,Down
2003-03-13,0.9265888007991003,0.07341119920089967,Up,Down
2003-03-17,0.9339944256598065,0.06600557434019355,Up,Down
2003-03-19,0.9159501874928835,0.08404981250711652,Up,Down
2003-03-20,0.8864484876264844,0.11355151237351552,Up,Down
2003-03-21,0.8775041945923755,0.1224958054076245,Up,Down
2003-03-22,0.867201825868168,0.1327981741318321,Up,Down
2003-03-24,0.9016294231986581,0.09837057680134187,Up,Down
2003-03-25,0.9053212902460486,0.09467870975395148,Up,Down
2003-03-26,0.9009600791291965,0.09903992087080354,Up,Down
2003-03-27,0.9164288317297903,0.08357116827020972,Up,Down
2003-03-28,0.9181449020606371,0.0818550979393628,Up,Down
2003-03-31,0.9443078035949952,0.05569219640500478,Up,Down
2003-04-01,0.9376995999228172,0.06230040007718285,Up,Down
2003-04-02,0.9189418880907778,0.08105811190922224,Up,Down
2003-04-03,0.9058749791155911,0.09412502088440883,Up,Down
2003-04-04,0.8942094197378018,0.10579058026219823,Up,Down
2003-04-07,0.8721627195767652,0.1278372804232349,Up,Down
2003-04-08,0.8917091787220097,0.10829082127799022,Up,Down
2003-04-09,0.9101516657142932,0.08984833428570682,Up,Down
2003-04-10,0.958680910443927,0.041319089556072996,Up,Up
2003-04-11,0.9684438045130448,0.03155619548695521,Up,Up
2003-04-15,0.9670698010985987,0.03293019890140125,Up,Up
2003-04-16,0.960813581011938,0.03918641898806191,Up,Up
2003-04-17,0.9737747323871868,0.02622526761281324,Up,Up
2003-04-21,0.9688276216134142,0.031172378386585875,Up,Up
2003-04-22,0.9711758415823006,0.028824158417699308,Up,Up
2003-04-23,0.9769903013977466,0.02300969860225338,Up,Up
2003-04-24,0.9792004188160337,0.020799581183966243,Up,Up
2003-04-25,0.9816260801495575,0.0183739198504424,Up,Up
2003-04-28,0.9785617697347753,0.021438230265224678,Up,Up
2003-04-29,0.9769734218464392,0.02302657815356085,Up,Up
2003-04-30,0.9531309018601636,0.04686909813983642,Up,Up
2003-05-02,0.9999132123928808,8.678760711922084e-05,Up,Up
2003-05-05,0.9998068773080611,0.0001931226919389406,Up,Up
2003-05-06,0.9996358984788885,0.00036410152111149285,Up,Up
2003-05-07,0.9995572573573346,0.00044274264266541685,Up,Up
2003-05-08,0.999590070793255,0.00040992920674493005,Up,Up
2003-05-09,0.9995390343014309,0.00046096569856912684,Up,Up
2003-05-12,0.999456092472407,0.0005439075275930905,Up,Up
2003-05-13,0.9991412822371376,0.0008587177628623932,Up,Up
2003-05-14,0.9987180380069661,0.0012819619930338755,Up,Up
2003-05-15,0.9981791293558205,0.001820870644179462,Up,Up
2003-05-16,0.9971280500878867,0.002871949912113203,Up,Up
2003-05-19,0.9973434322344445,0.0026565677655553954,Up,Up
2003-05-20,0.9967019993400393,0.003298000659960665,Up,Up
2003-05-21,0.9967434670790176,0.00325653292098238,Up,Up
2003-05-22,0.9969179576400846,0.0030820423599153823,Up,Up
2003-05-23,0.9963116990206096,0.00368830097939038,Up,Up
2003-05-26,0.9944836937572167,0.00551630624278332,Up,Up
2003-05-27,0.9930126894092851,0.00698731059071489,Up,Up
2003-05-28,0.9945859531052849,0.005414046894715141,Up,Up
2003-05-29,0.9902562471476078,0.009743752852392151,Up,Up
2003-05-30,0.9892380356104024,0.010761964389597645,Up,Up
2003-06-02,0.9899926131655185,0.010007386834481546,Up,Up
2003-06-03,0.9905220464309425,0.009477953569057396,Up,Up
2003-06-04,0.9880686245282058,0.011931375471794292,Up,Up
2003-06-05,0.9842687102113505,0.01573128978864946,Up,Up
2003-06-06,0.9805066590047887,0.019493340995211272,Up,Up
2003-06-09,0.9784284815853453,0.021571518414654656,Up,Up
2003-06-10,0.9826634603062399,0.0173365396937602,Up,Up
2003-06-11,0.9804307143345649,0.019569285665435143,Up,Up
2003-06-12,0.9777444304985721,0.022255569501427874,Up,Up
2003-06-13,0.9754829744500373,0.024517025549962657,Up,Up
2003-06-16,0.976833024876492,0.02316697512350796,Up,Up
2003-06-17,0.9634392951235449,0.036560704876455186,Up,Up
2003-06-18,0.9603431892377619,0.03965681076223809,Up,Up
2003-06-19,0.9570826764818916,0.04291732351810834,Up,Up
2003-06-20,0.9521174818497954,0.04788251815020461,Up,Up
2003-06-23,0.9580911379910266,0.041908862008973424,Up,Up
2003-06-24,0.9602224126626131,0.039777587337386844,Up,Up
2003-06-25,0.9466134797883643,0.05338652021163576,Up,Up
2003-06-26,0.9396653127941237,0.060334687205876314,Up,Up
2003-06-27,0.9327764981177225,0.06722350188227755,Up,Up
2003-06-30,0.925510936466122,0.07448906353387791,Up,Up
2003-07-01,0.9625486601846749,0.03745133981532517,Up,Up
2003-07-02,0.9608589564789924,0.03914104352100761,Up,Up
2003-07-03,0.9544761838861084,0.0455238161138915,Up,Up
2003-07-04,0.9578224042706254,0.04217759572937457,Up,Up
2003-07-07,0.9560184941548857,0.043981505845114344,Up,Up
2003-07-08,0.9525509572487452,0.04744904275125489,Up,Up
2003-07-09,0.9554615511891883,0.044538448810811704,Up,Up
2003-07-10,0.9419126507009108,0.05808734929908915,Up,Up
2003-07-11,0.9416747200525428,0.05832527994745723,Up,Up
2003-07-14,0.9348563983635734,0.06514360163642668,Up,Up
2003-07-15,0.9423690091850044,0.057630990814995564,Up,Up
2003-07-16,0.9362665636384107,0.06373343636158935,Up,Up
2003-07-17,0.9472994262823686,0.05270057371763143,Up,Up
2003-07-18,0.9544128014052158,0.04558719859478427,Up,Up
2003-07-21,0.9667519909986303,0.033248009001369705,Up,Up
2003-07-22,0.9729103734105438,0.027089626589456295,Up,Up
2003-07-23,0.9686632675005129,0.03133673249948715,Up,Up
2003-07-24,0.9582323749496473,0.04176762505035275,Up,Up
2003-07-25,0.9432025629748826,0.05679743702511747,Up,Up
2003-07-28,0.9384431321033133,0.061556867896686684,Up,Up
2003-07-29,0.934118973700321,0.06588102629967896,Up,Up
2003-07-30,0.9267056292249123,0.07329437077508777,Up,Up
2003-07-31,0.9242337824698329,0.0757662175301671,Up,Up
2003-08-01,0.9154386849854848,0.0845613150145153,Up,Up
2003-08-04,0.888463955034189,0.11153604496581104,Up,Up
2003-08-05,0.9066468453549048,0.09335315464509514,Up,Up
2003-08-06,0.9186130929474985,0.08138690705250146,Up,Up
2003-08-07,0.8938459348857775,0.10615406511422248,Up,Up
2003-08-08,0.8669223720218933,0.13307762797810668,Up,Up
2003-08-11,0.8554305322799214,0.14456946772007861,Up,Up
2003-08-12,0.8520867712552691,0.14791322874473095,Up,Up
2003-08-13,0.8382063675558797,0.1617936324441202,Up,Up
2003-08-14,0.8369793149947096,0.16302068500529043,Up,Up
2003-08-18,0.7957677538148134,0.20423224618518665,Up,Up
2003-08-19,0.8002348922732477,0.19976510772675227,Up,Up
2003-08-20,0.7876010210236808,0.21239897897631926,Up,Up
2003-08-21,0.7714366284224563,0.22856337157754364,Up,Up
2003-08-22,0.7574392669493171,0.242560733050683,Up,Up
2003-08-25,0.8076922376768357,0.19230776232316427,Up,Up
2003-08-26,0.7490855582871176,0.25091444171288235,Up,Up
2003-08-27,0.7197548762114903,0.28024512378850974,Up,Up
2003-08-28,0.7185847497895068,0.2814152502104932,Up,Up
2003-08-29,0.6988957304724868,0.3011042695275133,Up,Up
2003-09-01,0.6745528400637464,0.32544715993625356,Up,Up
2003-09-02,0.661958953100491,0.3380410468995089,Up,Up
2003-09-03,0.695376785783999,0.30462321421600097,Up,Up
2003-09-04,0.6781427889928958,0.3218572110071042,Up,Up
2003-09-05,0.6460387688193917,0.3539612311806083,Up,Up
2003-09-08,0.6222380082811687,0.3777619917188313,Up,Up
2003-09-09,0.635845490287095,0.364154509712905,Up,Up
2003-09-10,0.6323614674843723,0.3676385325156278,Up,Up
2003-09-11,0.6403886513442413,0.3596113486557587,Up,Up
2003-09-12,0.6795391269140849,0.32046087308591514,Up,Up
2003-09-15,0.7342950849343994,0.2657049150656006,Up,Up
2003-09-16,0.6980184455822092,0.3019815544177908,Up,Up
2003-09-17,0.7190870840950612,0.28091291590493883,Up,Up
2003-09-18,0.7694654641065336,0.2305345358934664,Up,Up
2003-09-19,0.7435205376623049,0.2564794623376952,Up,Up
2003-09-22,0.768084672774326,0.23191532722567398,Up,Up
2003-09-23,0.7351734055437271,0.2648265944562729,Up,Up
2003-09-24,0.6789268080007912,0.3210731919992088,Up,Up
2003-09-25,0.698810021578945,0.30118997842105494,Up,Up
2003-09-26,0.6604652419110186,0.33953475808898137,Up,Up
2003-09-29,0.6432158105209397,0.3567841894790603,Up,Up
2003-09-30,0.6226739357820037,0.3773260642179963,Up,Up
2003-10-01,0.6170463498210135,0.3829536501789866,Up,Up
2003-10-03,0.5824577574326948,0.41754224256730516,Up,Up
2003-10-06,0.5466364479290485,0.45336355207095147,Up,Up
2003-10-07,0.5488514603427856,0.4511485396572144,Up,Up
2003-10-08,0.547785760800793,0.452214239199207,Up,Up
2003-10-09,0.5201747110374901,0.4798252889625098,Up,Up
2003-10-10,0.4964561392868254,0.5035438607131746,Down,Up
2003-10-13,0.47022937846259305,0.529770621537407,Down,Down
2003-10-14,0.498503931543794,0.501496068456206,Down,Up
2003-10-15,0.4802069463531824,0.5197930536468176,Down,Up
2003-10-16,0.4603029706392069,0.5396970293607931,Down,Up
2003-10-17,0.4457474418134466,0.5542525581865534,Down,Up
2003-10-20,0.47432198549162696,0.525678014508373,Down,Up
2003-10-21,0.5150997123034339,0.4849002876965661,Up,Up
2003-10-22,0.5298730564002325,0.4701269435997674,Up,Up
2003-10-23,0.5567119548971604,0.44328804510283953,Up,Up
2003-10-24,0.5152429232070617,0.48475707679293834,Up,Up
2003-10-25,0.496510364428956,0.503489635571044,Down,Up
2003-10-27,0.539504296911675,0.460495703088325,Up,Up
2003-10-28,0.5439159909588984,0.45608400904110163,Up,Up
2003-10-29,0.5237056577924062,0.4762943422075938,Up,Up
2003-10-30,0.5026799150554637,0.49732008494453633,Up,Up
2003-10-31,0.4591571161680096,0.5408428838319904,Down,Up
2003-11-03,0.4114796327261063,0.5885203672738937,Down,Up
2003-11-04,0.393942600928716,0.606057399071284,Down,Up
2003-11-05,0.4031686406745665,0.5968313593254335,Down,Up
2003-11-06,0.4004605987225288,0.5995394012774712,Down,Up
2003-11-07,0.42086465321901545,0.5791353467809846,Down,Up
2003-11-10,0.41797445495857066,0.5820255450414293,Down,Up
2003-11-11,0.41150592093121774,0.5884940790687823,Down,Up
2003-11-12,0.40862591871168263,0.5913740812883174,Down,Up
2003-11-13,0.43320816723140576,0.5667918327685942,Down,Up
2003-11-14,0.46539257848648186,0.5346074215135181,Down,Up
2003-11-15,0.4515481936168927,0.5484518063831073,Down,Up
2003-11-17,0.4330752000258856,0.5669247999741144,Down,Up
2003-11-18,0.4505863322378165,0.5494136677621835,Down,Up
2003-11-19,0.4765628254813957,0.5234371745186043,Down,Up
2003-11-20,0.4970526603933929,0.5029473396066071,Down,Up
2003-11-21,0.4766505415204405,0.5233494584795595,Down,Up
2003-11-24,0.47252213683388355,0.5274778631661164,Down,Up
2003-11-25,0.44579483390822683,0.5542051660917732,Down,Up
2003-11-27,0.41408611996621647,0.5859138800337835,Down,Up
2003-11-28,0.3964906502131247,0.6035093497868753,Down,Up
2003-12-01,0.3558726584545716,0.6441273415454284,Down,Up
2003-12-02,0.35423218064826223,0.6457678193517378,Down,Up
2003-12-03,0.3432517225863879,0.6567482774136121,Down,Up
2003-12-04,0.33912878314017636,0.6608712168598236,Down,Up
2003-12-05,0.3663926418427893,0.6336073581572107,Down,Up
2003-12-08,0.36632709491726845,0.6336729050827316,Down,Up
2003-12-09,0.3382374056681665,0.6617625943318335,Down,Up
2003-12-10,0.32842084761754975,0.6715791523824503,Down,Up
2003-12-11,0.3212097308369155,0.6787902691630845,Down,Up
2003-12-12,0.3179906609268063,0.6820093390731937,Down,Up
2003-12-15,0.29633811682555533,0.7036618831744447,Down,Up
2003-12-16,0.2858644439432029,0.7141355560567971,Down,Up
2003-12-17,0.28885343772276006,0.7111465622772399,Down,Up
2003-12-18,0.2698447645761314,0.7301552354238686,Down,Up
2003-12-19,0.2531894448797135,0.7468105551202865,Down,Up
2003-12-22,0.24506021879434692,0.7549397812056531,Down,Up
2003-12-23,0.25187317977399504,0.748126820226005,Down,Up
2003-12-24,0.23079561926216297,0.769204380737837,Down,Up
2003-12-26,0.21157941327448926,0.7884205867255107,Down,Up
2003-12-29,0.188115454016069,0.811884545983931,Down,Up
2003-12-30,0.18872958763949887,0.8112704123605011,Down,Up
2003-12-31,0.18503713768438712,0.8149628623156129,Down,Up
2004-01-01,0.16622892606353123,0.8337710739364688,Down,Up
2004-01-02,0.14847770744700406,0.8515222925529959,Down,Down
2004-01-05,0.14413041479557698,0.855869585204423,Down,Down
2004-01-06,0.1588415348559199,0.8411584651440801,Down,Down
2004-01-07,0.16440828216323333,0.8355917178367667,Down,Down
2004-01-08,0.13784098048406723,0.8621590195159328,Down,Down
2004-01-09,0.13630959808346776,0.8636904019165322,Down,Down
2004-01-12,0.14949932745418337,0.8505006725458166,Down,Down
2004-01-13,0.14065925978508398,0.859340740214916,Down,Down
2004-01-14,0.1320903018015518,0.8679096981984482,Down,Down
2004-01-15,0.15096632139788124,0.8490336786021188,Down,Down
2004-01-16,0.17489733486538328,0.8251026651346167,Down,Down
2004-01-19,0.1555548941234326,0.8444451058765674,Down,Down
2004-01-20,0.1793822227417351,0.8206177772582649,Down,Down
2004-01-21,0.2228090138925387,0.7771909861074613,Down,Up
2004-01-22,0.2626310561327293,0.7373689438672707,Down,Up
2004-01-23,0.2078370018147343,0.7921629981852657,Down,Down
2004-01-27,0.17297589591336548,0.8270241040866345,Down,Down
2004-01-28,0.19810657577292812,0.8018934242270719,Down,Down
2004-01-29,0.21054073847776533,0.7894592615222347,Down,Down
2004-01-30,0.23426919770795718,0.7657308022920428,Down,Down
2004-02-03,0.2619310847659553,0.7380689152340447,Down,Down
2004-02-04,0.2230169407444531,0.7769830592555469,Down,Down
2004-02-05,0.23583077081329584,0.7641692291867042,Down,Down
2004-02-06,0.21512175014074053,0.7848782498592595,Down,Down
2004-02-09,0.18589297040519837,0.8141070295948016,Down,Down
2004-02-10,0.18536073179346502,0.814639268206535,Down,Down
2004-02-11,0.18990372612674944,0.8100962738732506,Down,Down
2004-02-12,0.19394586930293445,0.8060541306970656,Down,Down
2004-02-13,0.177178922714178,0.822821077285822,Down,Down
2004-02-16,0.17577284656086267,0.8242271534391373,Down,Down
2004-02-17,0.17229441875072427,0.8277055812492757,Down,Down
2004-02-18,0.17450602713050056,0.8254939728694994,Down,Down
2004-02-19,0.20971026715653351,0.7902897328434665,Down,Down
2004-02-20,0.2140673503285202,0.7859326496714798,Down,Up
2004-02-23,0.24468772304216735,0.7553122769578327,Down,Up
2004-02-24,0.23544194715963773,0.7645580528403623,Down,Up
2004-02-25,0.2603670548365218,0.7396329451634782,Down,Up
2004-02-26,0.2767796989186144,0.7232203010813856,Down,Up
2004-02-27,0.2509135109384024,0.7490864890615976,Down,Up
2004-03-01,0.14752194416521147,0.8524780558347885,Down,Up
2004-03-03,0.14090709097374843,0.8590929090262516,Down,Up
2004-03-04,0.14972287314735921,0.8502771268526408,Down,Up
2004-03-05,0.13738340474993438,0.8626165952500656,Down,Down
2004-03-08,0.1289852685159666,0.8710147314840334,Down,Down
2004-03-09,0.13858589223808648,0.8614141077619135,Down,Up
2004-03-10,0.1499381828862575,0.8500618171137425,Down,Up
2004-03-11,0.1727306357826367,0.8272693642173633,Down,Up
2004-03-12,0.16868069006198882,0.8313193099380112,Down,Up
2004-03-15,0.1995898863032789,0.8004101136967211,Down,Up
2004-03-16,0.209137771363746,0.790862228636254,Down,Up
2004-03-17,0.20860989170064226,0.7913901082993577,Down,Up
2004-03-18,0.232771302641416,0.767228697358584,Down,Up
2004-03-19,0.2264392894755327,0.7735607105244673,Down,Up
2004-03-22,0.25751049393791536,0.7424895060620846,Down,Up
2004-03-23,0.24867919946277994,0.7513208005372201,Down,Up
2004-03-24,0.2521402661550831,0.7478597338449169,Down,Up
2004-03-25,0.24224868171474956,0.7577513182852504,Down,Up
2004-03-26,0.21087064219592755,0.7891293578040725,Down,Down
2004-03-29,0.20098893454626576,0.7990110654537342,Down,Down
2004-03-30,0.20923538204534697,0.790764617954653,Down,Down
2004-03-31,0.19435834655801243,0.8056416534419876,Down,Down
2004-04-01,0.1642673948174611,0.8357326051825389,Down,Down
2004-04-02,0.1518293558594761,0.8481706441405239,Down,Down
2004-04-05,0.14379078807290813,0.8562092119270919,Down,Down
2004-04-06,0.14706901131140904,0.852930988688591,Down,Down
2004-04-07,0.1486577011571255,0.8513422988428745,Down,Down
2004-04-08,0.14610890974308877,0.8538910902569112,Down,Down
2004-04-12,0.3062932904681219,0.6937067095318781,Down,Down
2004-04-13,0.2750611471664367,0.7249388528335633,Down,Down
2004-04-15,0.287456567258187,0.712543432741813,Down,Down
2004-04-16,0.28245324138153116,0.7175467586184688,Down,Down
2004-04-17,0.28315024732759464,0.7168497526724054,Down,Down
2004-04-19,0.3020498072089923,0.6979501927910077,Down,Down
2004-04-20,0.301324463305808,0.698675536694192,Down,Down
2004-04-21,0.2788536980252685,0.7211463019747315,Down,Down
2004-04-22,0.2667342414569247,0.7332657585430753,Down,Down
2004-04-23,0.25984303177540036,0.7401569682245996,Down,Down
2004-04-27,0.31790607666009174,0.6820939233399083,Down,Down
2004-04-28,0.3186761832906595,0.6813238167093405,Down,Down
2004-04-29,0.324411016243214,0.675588983756786,Down,Down
2004-04-30,0.33580818728422535,0.6641918127157747,Down,Down
2004-05-03,0.532349812259526,0.467650187740474,Up,Down
2004-05-04,0.5058083404202591,0.49419165957974087,Up,Down
2004-05-05,0.5068953445181477,0.49310465548185234,Up,Down
2004-05-06,0.4881825245529057,0.5118174754470943,Down,Down
2004-05-07,0.5164563937588396,0.4835436062411605,Up,Down
2004-05-10,0.5586921867973085,0.44130781320269147,Up,Down
2004-05-11,0.6313680515198641,0.36863194848013586,Up,Down
2004-05-12,0.6175604036828973,0.38243959631710267,Up,Down
2004-05-13,0.6117865412349622,0.38821345876503777,Up,Down
2004-05-14,0.7587243767861824,0.2412756232138175,Up,Down
2004-05-17,0.9335123602936775,0.06648763970632254,Up,Up
2004-05-18,0.8389071606554749,0.16109283934452512,Up,Up
2004-05-19,0.7866490459125726,0.21335095408742738,Up,Down
2004-05-20,0.8331853551628573,0.1668146448371427,Up,Down
2004-05-21,0.8167214458975033,0.18327855410249672,Up,Down
2004-05-24,0.8423639339933031,0.15763606600669694,Up,Down
2004-05-25,0.8443512068744513,0.1556487931255487,Up,Down
2004-05-26,0.8575402370490813,0.14245976295091867,Up,Down
2004-05-27,0.8672701837911967,0.1327298162088033,Up,Down
2004-05-28,0.9250848690994505,0.07491513090054946,Up,Up
2004-05-31,0.9784110642205988,0.021588935779401297,Up,Up
2004-06-01,0.9712078298638828,0.028792170136117234,Up,Up
2004-06-02,0.96149598617385,0.038504013826149985,Up,Down
2004-06-03,0.9745036079760915,0.02549639202390852,Up,Up
2004-06-04,0.9659558662801462,0.03404413371985382,Up,Up
2004-06-07,0.9576917836538533,0.042308216346146676,Up,Up
2004-06-08,0.9542982708735694,0.04570172912643061,Up,Up
2004-06-09,0.9546074004552896,0.04539259954471042,Up,Up
2004-06-10,0.9559995875425499,0.04400041245745012,Up,Up
2004-06-11,0.9696545772629727,0.03034542273702734,Up,Up
2004-06-14,0.9799147940704667,0.02008520592953339,Up,Up
2004-06-15,0.9744436015205009,0.025556398479499143,Up,Up
2004-06-16,0.97386120369369,0.026138796306310053,Up,Up
2004-06-17,0.9681558797833676,0.031844120216632354,Up,Up
2004-06-18,0.9744881463268311,0.025511853673168883,Up,Up
2004-06-21,0.9766683851303137,0.023331614869686212,Up,Up
2004-06-22,0.9783918107261314,0.02160818927386865,Up,Up
2004-06-23,0.9845378496120523,0.015462150387947737,Up,Up
2004-06-24,0.9787761136157346,0.021223886384265422,Up,Up
2004-06-25,0.9738433716882331,0.02615662831176685,Up,Up
2004-06-28,0.934949412918886,0.06505058708111394,Up,Up
2004-06-29,0.9326605065042672,0.0673394934957327,Up,Up
2004-06-30,0.939085017477751,0.06091498252224897,Up,Up
2004-07-01,0.9203975707452161,0.07960242925478395,Up,Up
2004-07-02,0.9202036263158213,0.07979637368417863,Up,Up
2004-07-05,0.9331397889716473,0.06686021102835266,Up,Up
2004-07-06,0.913295947964178,0.08670405203582199,Up,Up
2004-07-07,0.9072568850317133,0.09274311496828674,Up,Up
2004-07-08,0.9380021558461179,0.0619978441538821,Up,Up
2004-07-09,0.915679621858617,0.08432037814138305,Up,Up
2004-07-12,0.9129827535222718,0.08701724647772824,Up,Up
2004-07-13,0.9245354692334,0.07546453076659998,Up,Up
2004-07-14,0.9344473412194035,0.06555265878059646,Up,Up
2004-07-15,0.9240121931842602,0.07598780681573986,Up,Up
2004-07-16,0.9109567832100001,0.08904321678999993,Up,Up
2004-07-19,0.9012804246560131,0.0987195753439869,Up,Up
2004-07-20,0.9045371464318638,0.09546285356813622,Up,Up
2004-07-21,0.8935814825404936,0.10641851745950637,Up,Up
2004-07-22,0.8800896391741764,0.11991036082582368,Up,Up
2004-07-23,0.8768681619694296,0.12313183803057037,Up,Up
2004-07-26,0.8594068367591683,0.14059316324083165,Up,Up
2004-07-27,0.8734441197683384,0.12655588023166164,Up,Up
2004-07-28,0.879056787249058,0.120943212750942,Up,Up
2004-07-29,0.8575765857843101,0.14242341421568994,Up,Up
2004-07-30,0.8456500540215832,0.15434994597841672,Up,Up
2004-08-02,0.8389443435024474,0.1610556564975526,Up,Up
2004-08-03,0.8462386081134585,0.15376139188654153,Up,Up
2004-08-04,0.8503579623736159,0.14964203762638406,Up,Up
2004-08-05,0.8237763300683913,0.1762236699316087,Up,Up
2004-08-06,0.8434318350571197,0.15656816494288034,Up,Up
2004-08-09,0.8344226012377206,0.1655773987622794,Up,Up
2004-08-10,0.8253419258128611,0.1746580741871389,Up,Up
2004-08-11,0.8525924580596694,0.14740754194033057,Up,Up
2004-08-12,0.8648868278627528,0.1351131721372471,Up,Up
2004-08-13,0.8718917188910205,0.1281082811089796,Up,Up
2004-08-16,0.8716199643962381,0.12838003560376182,Up,Up
2004-08-17,0.8662077986328878,0.13379220136711217,Up,Up
2004-08-18,0.8850422371705873,0.11495776282941278,Up,Up
2004-08-19,0.8614031347707373,0.13859686522926273,Up,Up
2004-08-20,0.8777074207102034,0.12229257928979664,Up,Up
2004-08-23,0.8872635788904839,0.11273642110951604,Up,Up
2004-08-24,0.8760929715507243,0.1239070284492757,Up,Up
2004-08-25,0.8717657026493906,0.12823429735060943,Up,Up
2004-08-26,0.8589273380878285,0.1410726619121715,Up,Up
2004-08-27,0.8597627581283387,0.14023724187166126,Up,Up
2004-08-30,0.8421222861896926,0.1578777138103073,Up,Up
2004-08-31,0.8385980855955686,0.16140191440443147,Up,Up
2004-09-01,0.8350685234505522,0.1649314765494478,Up,Up
2004-09-02,0.8404770525501145,0.1595229474498855,Up,Up
2004-09-03,0.8357935018920499,0.16420649810795002,Up,Up
2004-09-06,0.8265155789368882,0.1734844210631118,Up,Up
2004-09-07,0.8206046872450096,0.17939531275499043,Up,Up
2004-09-08,0.8147124390601214,0.18528756093987864,Up,Up
2004-09-09,0.8215277056727788,0.17847229432722123,Up,Up
2004-09-10,0.8015769238762924,0.19842307612370763,Up,Up
2004-09-13,0.7956851216227985,0.20431487837720158,Up,Up
2004-09-14,0.7849673533684651,0.21503264663153493,Up,Up
2004-09-15,0.7872008143093265,0.21279918569067352,Up,Up
2004-09-16,0.7657784414755235,0.23422155852447651,Up,Up
2004-09-17,0.7369945790822703,0.26300542091772966,Up,Up
2004-09-20,0.74182233344804,0.25817766655195995,Up,Up
2004-09-21,0.7203069895068526,0.2796930104931474,Up,Up
2004-09-22,0.7167689001810076,0.28323109981899236,Up,Up
2004-09-23,0.7454844162043457,0.25451558379565425,Up,Up
2004-09-24,0.7489631889599961,0.2510368110400038,Up,Up
2004-09-27,0.7537881304658867,0.24621186953411334,Up,Up
2004-09-28,0.7704069736957442,0.22959302630425588,Up,Up
2004-09-29,0.7427998459214742,0.25720015407852576,Up,Up
2004-09-30,0.7249288692568708,0.27507113074312917,Up,Up
2004-10-01,0.69508746827715,0.30491253172285,Up,Up
2004-10-04,0.6656131230265986,0.3343868769734014,Up,Up
2004-10-05,0.6585425128045386,0.3414574871954615,Up,Up
2004-10-06,0.6762348760022083,0.3237651239977917,Up,Up
2004-10-07,0.6563003893780361,0.34369961062196386,Up,Up
2004-10-08,0.6516436224988218,0.3483563775011782,Up,Up
2004-10-09,0.6540104461942684,0.34598955380573165,Up,Up
2004-10-11,0.6634283959610975,0.3365716040389025,Up,Up
2004-10-12,0.6847621982236967,0.3152378017763033,Up,Up
2004-10-14,0.6764204096259678,0.32357959037403217,Up,Up
2004-10-15,0.6764931018595853,0.32350689814041467,Up,Up
2004-10-18,0.6846923610379769,0.315307638962023,Up,Up
2004-10-19,0.6634662651685341,0.3365337348314659,Up,Up
2004-10-20,0.6813196636753471,0.31868033632465287,Up,Up
2004-10-21,0.6920251751608677,0.30797482483913224,Up,Up
2004-10-25,0.713514692368679,0.28648530763132096,Up,Up
2004-10-26,0.6895544841685055,0.31044551583149443,Up,Up
2004-10-27,0.6872279743927261,0.31277202560727396,Up,Up
2004-10-28,0.6718531567901136,0.32814684320988646,Up,Up
2004-10-29,0.6849798476378534,0.31502015236214664,Up,Up
2004-11-01,0.6730256176733886,0.3269743823266113,Up,Up
2004-11-02,0.6577342917140918,0.34226570828590813,Up,Up
2004-11-03,0.6342761895472804,0.3657238104527197,Up,Up
2004-11-04,0.6366337830176825,0.3633662169823175,Up,Up
2004-11-05,0.6204989060651251,0.37950109393487486,Up,Up
2004-11-08,0.6101391507706748,0.3898608492293252,Up,Up
2004-11-09,0.6135993302454092,0.38640066975459075,Up,Up
2004-11-10,0.5976463465004168,0.4023536534995832,Up,Up
2004-11-11,0.6022057347663721,0.397794265233628,Up,Up
2004-11-12,0.5999415810011937,0.40005841899880634,Up,Up
2004-11-16,0.5943599509170967,0.40564004908290324,Up,Up
2004-11-17,0.5852525118034133,0.41474748819658663,Up,Up
2004-11-18,0.5819215379610185,0.41807846203898147,Up,Up
2004-11-19,0.6012141382930305,0.39878586170696956,Up,Up
2004-11-22,0.6001340567590159,0.3998659432409842,Up,Up
2004-11-23,0.5796632103999084,0.4203367896000915,Up,Up
2004-11-24,0.5696908975654771,0.43030910243452286,Up,Up
2004-11-25,0.5719187601766224,0.42808123982337765,Up,Up
2004-11-29,0.5366276971485462,0.4633723028514538,Up,Up
2004-11-30,0.5193867011939794,0.48061329880602055,Up,Down
2004-12-01,0.5162045896112979,0.48379541038870216,Up,Down
2004-12-02,0.4838261464231931,0.5161738535768069,Down,Down
2004-12-03,0.48581619385789643,0.5141838061421036,Down,Down
2004-12-06,0.4888967020530386,0.5111032979469614,Down,Down
2004-12-07,0.4890033657078614,0.5109966342921386,Down,Down
2004-12-08,0.5014646868219028,0.49853531317809713,Up,Down
2004-12-09,0.4909707078411689,0.5090292921588311,Down,Down
2004-12-10,0.5035432037334013,0.4964567962665986,Up,Down
2004-12-13,0.4890338249066759,0.5109661750933241,Down,Down
2004-12-14,0.4705193061713132,0.5294806938286868,Down,Down
2004-12-15,0.4524410282652003,0.5475589717347997,Down,Down
2004-12-16,0.44840709007560897,0.551592909924391,Down,Up
2004-12-17,0.4654556037708596,0.5345443962291404,Down,Up
2004-12-20,0.6885647896442618,0.3114352103557382,Up,Up
2004-12-21,0.6729193330384828,0.3270806669615172,Up,Up
2004-12-22,0.6813141913933675,0.31868580860663254,Up,Up
2004-12-23,0.6717106906961801,0.32828930930381994,Up,Up
2004-12-24,0.6561148115941735,0.34388518840582644,Up,Down
2004-12-27,0.6562267555720632,0.3437732444279368,Up,Up
2004-12-28,0.6491024400790948,0.35089755992090516,Up,Down
2004-12-29,0.6502612193346493,0.34973878066535075,Up,Up
2004-12-30,0.6586382587300115,0.3413617412699886,Up,Up
2004-12-31,0.6407593197996662,0.3592406802003339,Up,Up
2005-01-03,0.6114458136170509,0.38855418638294914,Up,Down
2005-01-04,0.6207538739351313,0.37924612606486874,Up,Down
2005-01-05,0.6840933141937945,0.3159066858062055,Up,Up
2005-01-06,0.7145895770526134,0.2854104229473866,Up,Up
2005-01-07,0.6987724069752677,0.3012275930247324,Up,Up
2005-01-10,0.730510256803861,0.26948974319613905,Up,Up
2005-01-11,0.7561653270862405,0.2438346729137595,Up,Up
2005-01-12,0.7949427657794219,0.2050572342205781,Up,Up
2005-01-13,0.7585132884881861,0.2414867115118139,Up,Up
2005-01-14,0.7790445423976793,0.22095545760232077,Up,Up
2005-01-17,0.780260324453572,0.2197396755464281,Up,Up
2005-01-18,0.7777645237218576,0.2222354762781425,Up,Up
2005-01-19,0.7861433383052736,0.21385666169472634,Up,Up
2005-01-20,0.7896152539807071,0.2103847460192929,Up,Up
2005-01-24,0.8468737890726744,0.1531262109273256,Up,Up
2005-01-25,0.8307354812586321,0.169264518741368,Up,Up
2005-01-27,0.8189689812837796,0.1810310187162204,Up,Up
2005-01-28,0.7585110682152052,0.24148893178479475,Up,Up
2005-01-31,0.7166102645292403,0.2833897354707597,Up,Up
2005-02-01,0.7584063182732372,0.2415936817267627,Up,Up
2005-02-02,0.7706655654081498,0.2293344345918502,Up,Up
2005-02-03,0.7485466232511712,0.25145337674882884,Up,Up
2005-02-04,0.7496646052682612,0.2503353947317389,Up,Up
2005-02-07,0.7681151143832121,0.23188488561678783,Up,Up
2005-02-08,0.768010164953322,0.23198983504667803,Up,Up
2005-02-09,0.7556599462571633,0.24434005374283674,Up,Down
2005-02-10,0.7617743487237989,0.23822565127620116,Up,Down
2005-02-11,0.7407957009263193,0.25920429907368064,Up,Down
2005-02-14,0.7271125662609769,0.27288743373902313,Up,Down
2005-02-15,0.7345957459809069,0.2654042540190931,Up,Down
2005-02-16,0.7518593926460131,0.24814060735398685,Up,Down
2005-02-17,0.7579813833005167,0.24201861669948338,Up,Up
2005-02-18,0.7641053789089152,0.23589462109108478,Up,Up
2005-02-21,0.7738683481908439,0.22613165180915612,Up,Up
2005-02-22,0.7614136929206985,0.2385863070793015,Up,Up
2005-02-23,0.7625991566099162,0.23740084339008383,Up,Down
2005-02-24,0.7638418667666994,0.2361581332333006,Up,Down
2005-02-25,0.7117972252151266,0.2882027747848735,Up,Down
2005-02-28,0.6737139916171528,0.3262860083828471,Up,Down
2005-03-01,0.690875415544593,0.309124584455407,Up,Down
2005-03-02,0.6835148984821864,0.31648510151781356,Up,Down
2005-03-03,0.6518942609434014,0.3481057390565986,Up,Down
2005-03-04,0.6350479310876967,0.36495206891230325,Up,Down
2005-03-07,0.6253899896955152,0.3746100103044848,Up,Down
2005-03-08,0.6182857872309659,0.38171421276903406,Up,Down
2005-03-09,0.6243071523384187,0.37569284766158134,Up,Down
2005-03-10,0.6195023490787774,0.3804976509212226,Up,Down
2005-03-11,0.6302810079467979,0.36971899205320213,Up,Down
2005-03-14,0.6375154214155785,0.36248457858442157,Up,Down
2005-03-15,0.6520229179487624,0.3479770820512375,Up,Down
2005-03-16,0.6557785520383288,0.34422144796167115,Up,Down
2005-03-17,0.6790223485143406,0.3209776514856594,Up,Down
2005-03-18,0.6691722801870514,0.3308277198129485,Up,Down
2005-03-21,0.680193022799686,0.3198069772003141,Up,Down
2005-03-22,0.7111328982687183,0.2888671017312817,Up,Down
2005-03-23,0.7422809903126446,0.25771900968735545,Up,Down
2005-03-24,0.7522778921759463,0.24772210782405368,Up,Down
2005-03-28,0.7335390122690738,0.2664609877309262,Up,Down
2005-03-29,0.7744899996602195,0.22551000033978058,Up,Up
2005-03-30,0.7632751303493582,0.23672486965064177,Up,Down
2005-03-31,0.7258695607413185,0.2741304392586815,Up,Down
2005-04-01,0.695955166551357,0.30404483344864297,Up,Down
2005-04-04,0.6996133745150082,0.30038662548499184,Up,Down
2005-04-05,0.7120687173364186,0.2879312826635813,Up,Down
2005-04-06,0.6971170829164052,0.3028829170835948,Up,Down
2005-04-07,0.7120629112170374,0.28793708878296265,Up,Down
2005-04-08,0.7309118151561946,0.26908818484380537,Up,Down
2005-04-11,0.7521343141531327,0.24786568584686736,Up,Up
2005-04-12,0.7195057123479431,0.2804942876520569,Up,Up
2005-04-13,0.7357283659734362,0.26427163402656384,Up,Up
2005-04-15,0.8063485336758476,0.19365146632415242,Up,Up
2005-04-18,0.8300306572923905,0.16996934270760955,Up,Up
2005-04-19,0.8427679244592472,0.1572320755407528,Up,Up
2005-04-20,0.8262676815165919,0.1737323184834081,Up,Up
2005-04-21,0.8153995039252616,0.18460049607473838,Up,Up
2005-04-22,0.8031852520921119,0.19681474790788817,Up,Up
2005-04-25,0.8005720459672518,0.1994279540327481,Up,Up
2005-04-26,0.8174913263664445,0.18250867363355555,Up,Up
2005-04-27,0.8568871706779158,0.1431128293220842,Up,Up
2005-04-28,0.8521885650367287,0.14781143496327132,Up,Up
2005-04-29,0.8824721612429527,0.11752783875704731,Up,Up
2005-05-02,0.877018971825176,0.12298102817482409,Up,Up
2005-05-03,0.8736090204186358,0.1263909795813643,Up,Up
2005-05-04,0.8570197178047575,0.1429802821952425,Up,Up
2005-05-05,0.8408402924560275,0.15915970754397246,Up,Up
2005-05-06,0.8324821061315841,0.16751789386841587,Up,Up
2005-05-09,0.8131735782022509,0.18682642179774905,Up,Up
2005-05-10,0.8191543410208788,0.18084565897912125,Up,Up
2005-05-11,0.8261969685784314,0.17380303142156855,Up,Up
2005-05-12,0.820090350566669,0.17990964943333093,Up,Up
2005-05-13,0.8235472240118167,0.17645277598818326,Up,Up
2005-05-16,0.800371430379387,0.19962856962061304,Up,Up
2005-05-17,0.8209151890259434,0.1790848109740566,Up,Up
2005-05-18,0.8279397625362837,0.1720602374637164,Up,Up
2005-05-19,0.8278162692577559,0.17218373074224413,Up,Up
2005-05-20,0.8288985440215199,0.17110145597848014,Up,Up
2005-05-23,0.8106519074572186,0.1893480925427814,Up,Up
2005-05-24,0.7983430924134094,0.20165690758659055,Up,Up
2005-05-25,0.8262026646369918,0.1737973353630083,Up,Up
2005-05-26,0.8017372769812743,0.19826272301872577,Up,Up
2005-05-27,0.799192497173389,0.20080750282661097,Up,Up
2005-05-30,0.8126055167417833,0.18739448325821673,Up,Up
2005-05-31,0.8026994942656325,0.19730050573436747,Up,Up
2005-06-01,0.8038696931093052,0.19613030689069472,Up,Up
2005-06-02,0.8233186565210314,0.17668134347896858,Up,Up
2005-06-03,0.7986987075391314,0.20130129246086853,Up,Up
2005-06-04,0.7998373278911817,0.20016267210881833,Up,Up
2005-06-06,0.7997243223082723,0.20027567769172772,Up,Up
2005-06-07,0.794746917851895,0.205253082148105,Up,Up
2005-06-08,0.783385251703663,0.21661474829633692,Up,Up
2005-06-09,0.7982965007687925,0.20170349923120745,Up,Up
2005-06-10,0.8081047641477674,0.19189523585223262,Up,Up
2005-06-13,0.8068252682820324,0.19317473171796762,Up,Up
2005-06-14,0.7992209072688383,0.20077909273116168,Up,Up
2005-06-15,0.7854611997063259,0.21453880029367411,Up,Up
2005-06-16,0.7891440647822993,0.21085593521770074,Up,Up
2005-06-17,0.7890902090274017,0.21090979097259832,Up,Up
2005-06-20,0.8162435791343139,0.1837564208656861,Up,Up
2005-06-21,0.7951368190696235,0.20486318093037642,Up,Up
2005-06-22,0.7812673252632387,0.21873267473676128,Up,Up
2005-06-23,0.7837022893455714,0.2162977106544286,Up,Up
2005-06-24,0.7761445403333633,0.22385545966663667,Up,Up
2005-06-27,0.770960312075812,0.2290396879241881,Up,Up
2005-06-28,0.7948701505395077,0.2051298494604923,Up,Up
2005-06-29,0.7772397077737523,0.22276029222624777,Up,Up
2005-06-30,0.7543411606046397,0.24565883939536032,Up,Up
2005-07-01,0.7606167086050231,0.23938329139497694,Up,Up
2005-07-04,0.745321732803683,0.25467826719631703,Up,Up
2005-07-05,0.7618522712880147,0.23814772871198525,Up,Up
2005-07-06,0.7478544504734053,0.25214554952659474,Up,Up
2005-07-07,0.7871487732170885,0.21285122678291152,Up,Up
2005-07-08,0.7731637188854914,0.2268362811145086,Up,Up
2005-07-11,0.7552525048507392,0.24474749514926075,Up,Up
2005-07-12,0.7565532704895415,0.24344672951045854,Up,Up
2005-07-13,0.7717399595302574,0.22826004046974263,Up,Up
2005-07-14,0.7881394757579707,0.21186052424202928,Up,Up
2005-07-15,0.7665311527489225,0.23346884725107758,Up,Up
2005-07-18,0.7537330128223343,0.24626698717766565,Up,Up
2005-07-19,0.7512379363587425,0.24876206364125752,Up,Up
2005-07-20,0.7473280796499584,0.2526719203500416,Up,Up
2005-07-21,0.7588480505754821,0.2411519494245179,Up,Up
2005-07-22,0.7331880703571065,0.2668119296428934,Up,Up
2005-07-25,0.7139899022211639,0.2860100977788361,Up,Up
2005-07-26,0.7191842822410008,0.2808157177589992,Up,Up
2005-07-27,0.7051146812687645,0.29488531873123547,Up,Up
2005-07-29,0.7804318608510292,0.21956813914897083,Up,Up
2005-08-01,0.7471709815965426,0.25282901840345734,Up,Up
2005-08-02,0.7190251738946165,0.2809748261053835,Up,Up
2005-08-03,0.7164800614961648,0.28351993850383517,Up,Up
2005-08-04,0.70746423577287,0.29253576422713,Up,Up
2005-08-05,0.7125666396510919,0.28743336034890804,Up,Up
2005-08-08,0.7421180248420463,0.25788197515795375,Up,Up
2005-08-09,0.7471986269948391,0.2528013730051609,Up,Up
2005-08-10,0.7137901575884427,0.28620984241155734,Up,Up
2005-08-11,0.6972513060193928,0.30274869398060716,Up,Up
2005-08-12,0.7125628676208225,0.28743713237917745,Up,Up
2005-08-16,0.7061352044535743,0.2938647955464258,Up,Up
2005-08-17,0.6793603512600304,0.3206396487399696,Up,Up
2005-08-18,0.6908158476251505,0.30918415237484953,Up,Up
2005-08-19,0.6946479702810223,0.3053520297189777,Up,Up
2005-08-22,0.7074678803786998,0.29253211962130027,Up,Up
2005-08-23,0.7408074748217724,0.25919252517822755,Up,Up
2005-08-24,0.7434275647602385,0.2565724352397615,Up,Up
2005-08-25,0.7188994919915097,0.28110050800849035,Up,Up
2005-08-26,0.7163213022406876,0.2836786977593124,Up,Up
2005-08-29,0.7317746951044116,0.2682253048955884,Up,Up
2005-08-30,0.707313893138277,0.292686106861723,Up,Up
2005-08-31,0.6931966986770058,0.30680330132299416,Up,Up
2005-09-01,0.675358920711499,0.32464107928850106,Up,Up
2005-09-02,0.6678155723009664,0.3321844276990336,Up,Up
2005-09-05,0.6626857239243877,0.3373142760756123,Up,Down
2005-09-06,0.6576446310641065,0.34235536893589347,Up,Down
2005-09-08,0.6375997222586727,0.3624002777413274,Up,Down
2005-09-09,0.6363608628186852,0.3636391371813148,Up,Down
2005-09-12,0.6141049725392996,0.38589502746070037,Up,Down
2005-09-13,0.6019327922259581,0.39806720777404186,Up,Down
2005-09-14,0.608036150797773,0.391963849202227,Up,Down
2005-09-15,0.5837398386473793,0.4162601613526207,Up,Down
2005-09-16,0.5634231500098691,0.4365768499901309,Up,Down
2005-09-19,0.5528758541371581,0.4471241458628419,Up,Down
2005-09-20,0.5447401043133686,0.45525989568663144,Up,Down
2005-09-21,0.551682461587629,0.44831753841237093,Up,Down
2005-09-22,0.6204107749881289,0.37958922501187115,Up,Up
2005-09-23,0.6192200780923676,0.3807799219076325,Up,Up
2005-09-26,0.5575101591249468,0.44248984087505316,Up,Down
2005-09-27,0.544642506427031,0.4553574935729689,Up,Down
2005-09-28,0.528416778315375,0.4715832216846249,Up,Down
2005-09-29,0.5192954457262167,0.48070455427378334,Up,Down
2005-09-30,0.5261334590592988,0.47386654094070124,Up,Up
2005-10-03,0.5056857226308249,0.49431427736917505,Up,Down
2005-10-04,0.4822531188604584,0.5177468811395416,Down,Down
2005-10-05,0.49559172060889267,0.5044082793911073,Down,Down
2005-10-06,0.5412001643517468,0.4587998356482532,Up,Up
2005-10-07,0.5446644034517011,0.4553355965482989,Up,Up
2005-10-10,0.5504876502509117,0.4495123497490882,Up,Up
2005-10-11,0.5435078933740611,0.45649210662593886,Up,Up
2005-10-13,0.5827128679060857,0.4172871320939143,Up,Up
2005-10-14,0.6282379678526284,0.3717620321473716,Up,Up
2005-10-17,0.6320174006347299,0.36798259936527006,Up,Up
2005-10-18,0.6445349848124122,0.3554650151875877,Up,Up
2005-10-19,0.6905148889186297,0.3094851110813704,Up,Up
2005-10-20,0.7061115630525601,0.29388843694743993,Up,Up
2005-10-21,0.6635855317472639,0.33641446825273613,Up,Up
2005-10-24,0.7021543191742785,0.29784568082572155,Up,Up
2005-10-25,0.6905293843017591,0.30947061569824086,Up,Up
2005-10-26,0.7203594594815039,0.2796405405184961,Up,Up
2005-10-27,0.7942258607436499,0.20577413925635019,Up,Up
2005-10-28,0.8281157120740303,0.17188428792596971,Up,Up
2005-10-31,0.7657462118821697,0.23425378811783026,Up,Up
2005-11-01,0.7539321764785623,0.24606782352143775,Up,Up
2005-11-02,0.7278323247806798,0.27216767521932017,Up,Up
2005-11-07,0.6952765540828989,0.3047234459171011,Up,Up
2005-11-08,0.6707622823309675,0.32923771766903254,Up,Up
2005-11-09,0.6733882426928466,0.32661175730715336,Up,Up
2005-11-10,0.6643348974056651,0.33566510259433485,Up,Up
2005-11-11,0.628836841155376,0.3711631588446241,Up,Up
2005-11-14,0.6200104791881739,0.37998952081182613,Up,Up
2005-11-16,0.6026417703050521,0.39735822969494794,Up,Up
2005-11-17,0.5866607892319012,0.41333921076809876,Up,Up
2005-11-18,0.5744496907483179,0.4255503092516822,Up,Up
2005-11-21,0.584172786395485,0.415827213604515,Up,Up
2005-11-22,0.6063481623387976,0.3936518376612024,Up,Up
2005-11-23,0.5805004339728707,0.41949956602712934,Up,Up
2005-11-24,0.5612095861758497,0.43879041382415035,Up,Up
2005-11-25,0.5398252469999706,0.4601747530000294,Up,Up
2005-11-26,0.5269162913110921,0.47308370868890787,Up,Up
2005-11-28,0.5062508010378266,0.49374919896217345,Up,Up
2005-11-29,0.5165791722383326,0.48342082776166745,Up,Up
2005-11-30,0.5481699732825005,0.45183002671749944,Up,Up
2005-12-01,0.5153236805373843,0.4846763194626157,Up,Up
2005-12-02,0.5164604423409036,0.48353955765909645,Up,Up
2005-12-05,0.5421853841765744,0.45781461582342564,Up,Up
2005-12-06,0.5410154527201028,0.4589845472798972,Up,Up
2005-12-07,0.518746877041624,0.48125312295837597,Up,Up
2005-12-08,0.5095897660493783,0.49041023395062167,Up,Up
2005-12-09,0.4757751246703882,0.5242248753296118,Down,Up
2005-12-12,0.462624818622976,0.537375181377024,Down,Up
2005-12-13,0.44006575681557725,0.5599342431844228,Down,Up
2005-12-14,0.44425466413639425,0.5557453358636057,Down,Up
2005-12-15,0.4615188042109567,0.5384811957890433,Down,Up
2005-12-16,0.4410903494538039,0.5589096505461961,Down,Up
2005-12-19,0.40995325408986516,0.5900467459101348,Down,Up
2005-12-20,0.4201170439424017,0.5798829560575983,Down,Up
2005-12-21,0.42228534193191436,0.5777146580680856,Down,Up
2005-12-22,0.4150118783353324,0.5849881216646676,Down,Up
2005-12-23,0.43368048432250117,0.5663195156774988,Down,Up
2005-12-26,0.46922049889024287,0.5307795011097571,Down,Up
2005-12-27,0.43266785764610594,0.5673321423538941,Down,Up
2005-12-28,0.4400229750175433,0.5599770249824567,Down,Up
2005-12-29,0.42326443924138724,0.5767355607586128,Down,Up
2005-12-30,0.4139359495851359,0.5860640504148641,Down,Up
2006-01-02,0.41398556602784353,0.5860144339721565,Down,Up
2006-01-03,0.3847782759186049,0.6152217240813951,Down,Up
2006-01-04,0.37219504172215867,0.6278049582778413,Down,Up
2006-01-05,0.37505939585055204,0.624940604149448,Down,Up
2006-01-06,0.3664359060627703,0.6335640939372297,Down,Up
2006-01-09,0.3683886469850304,0.6316113530149696,Down,Up
2006-01-10,0.39273885597718095,0.607261144022819,Down,Up
2006-01-12,0.4017821049576604,0.5982178950423396,Down,Up
2006-01-13,0.40483353839464475,0.5951664616053552,Down,Up
2006-01-16,0.41605037753640095,0.583949622463599,Down,Up
2006-01-17,0.4181183765464548,0.5818816234535452,Down,Up
2006-01-18,0.4817543387951928,0.5182456612048072,Down,Up
2006-01-19,0.44437830505783626,0.5556216949421637,Down,Up
2006-01-20,0.44012574759313083,0.5598742524068692,Down,Up
2006-01-23,0.44868380628731797,0.551316193712682,Down,Up
2006-01-24,0.44549926386001015,0.5545007361399898,Down,Up
2006-01-25,0.4285061412134201,0.5714938587865799,Down,Up
2006-01-27,0.38771942530016923,0.6122805746998308,Down,Up
2006-01-30,0.3410288417831564,0.6589711582168436,Down,Up
2006-01-31,0.34196715581866965,0.6580328441813303,Down,Up
2006-02-01,0.3577632554319228,0.6422367445680772,Down,Up
2006-02-02,0.36058282003443254,0.6394171799655675,Down,Up
2006-02-03,0.37596135699236,0.62403864300764,Down,Up
2006-02-06,0.3419503901362768,0.6580496098637232,Down,Up
2006-02-07,0.33113594829475035,0.6688640517052497,Down,Up
2006-02-08,0.3374515037275143,0.6625484962724857,Down,Up
2006-02-10,0.330265852143107,0.669734147856893,Down,Up
2006-02-13,0.32316735523586704,0.676832644764133,Down,Up
2006-02-14,0.33935881163741,0.66064118836259,Down,Up
2006-02-15,0.3365659001185295,0.6634340998814705,Down,Up
2006-02-16,0.337486045967744,0.662513954032256,Down,Up
2006-02-17,0.35981715282762716,0.6401828471723728,Down,Up
2006-02-20,0.3457913309752181,0.6542086690247819,Down,Up
2006-02-21,0.3303406650711248,0.6696593349288752,Down,Up
2006-02-22,0.3214089028875604,0.6785910971124396,Down,Up
2006-02-23,0.3162008295306078,0.6837991704693922,Down,Up
2006-02-24,0.32241347188358604,0.677586528116414,Down,Up
2006-02-27,0.31366093069366374,0.6863390693063363,Down,Up
2006-02-28,0.3093040355007003,0.6906959644992997,Down,Up
2006-03-01,0.2850517772355303,0.7149482227644697,Down,Up
2006-03-02,0.27149078033431673,0.7285092196656833,Down,Up
2006-03-03,0.2731031320682269,0.7268968679317731,Down,Up
2006-03-06,0.25381726886424905,0.746182731135751,Down,Up
2006-03-07,0.25685466125603607,0.7431453387439639,Down,Up
2006-03-08,0.2877520290908543,0.7122479709091457,Down,Up
2006-03-09,0.2820469404364797,0.7179530595635203,Down,Up
2006-03-10,0.2562061929006163,0.7437938070993837,Down,Up
2006-03-13,0.24806787876992276,0.7519321212300772,Down,Up
2006-03-14,0.251096678318977,0.748903321681023,Down,Up
2006-03-16,0.237935196829399,0.762064803170601,Down,Up
2006-03-17,0.2329492070047252,0.7670507929952748,Down,Up
2006-03-20,0.21986298461879128,0.7801370153812087,Down,Up
2006-03-21,0.2212901728802359,0.7787098271197641,Down,Up
2006-03-22,0.23106604181649393,0.7689339581835061,Down,Up
2006-03-23,0.2275617240276564,0.7724382759723436,Down,Up
2006-03-24,0.21466740374886684,0.7853325962511332,Down,Up
2006-03-27,0.19846843767761246,0.8015315623223875,Down,Up
2006-03-28,0.19729292596752768,0.8027070740324723,Down,Up
2006-03-29,0.18630590151706095,0.813694098482939,Down,Up
2006-03-30,0.16453944442993118,0.8354605555700688,Down,Up
2006-03-31,0.16959969866646407,0.8304003013335359,Down,Up
2006-04-03,0.1473010451075134,0.8526989548924866,Down,Down
2006-04-04,0.14441736459577004,0.85558263540423,Down,Down
2006-04-05,0.1367919349217921,0.8632080650782079,Down,Down
2006-04-07,0.15332103061522284,0.8466789693847772,Down,Down
2006-04-10,0.14630027175776128,0.8536997282422387,Down,Down
2006-04-12,0.17782212339143966,0.8221778766085603,Down,Down
2006-04-13,0.19103883048842152,0.8089611695115785,Down,Down
2006-04-17,0.16604999304627954,0.8339500069537205,Down,Down
2006-04-18,0.14420583153486666,0.8557941684651333,Down,Down
2006-04-19,0.14278702595715964,0.8572129740428404,Down,Down
2006-04-20,0.13243654208181344,0.8675634579181866,Down,Down
2006-04-21,0.13251609054415292,0.8674839094558471,Down,Down
2006-04-24,0.14026284654029775,0.8597371534597023,Down,Down
2006-04-25,0.1652252711048655,0.8347747288951345,Down,Down
2006-04-26,0.1366560987821177,0.8633439012178823,Down,Down
2006-04-27,0.15419625838855033,0.8458037416114497,Down,Down
2006-04-28,0.18211026376579387,0.8178897362342061,Down,Down
2006-04-29,0.1689466138325516,0.8310533861674484,Down,Down
2006-05-02,0.16085884436567943,0.8391411556343206,Down,Down
2006-05-03,0.15253167663505995,0.84746832336494,Down,Down
2006-05-04,0.1485374959377459,0.8514625040622541,Down,Down
2006-05-05,0.14517194467196404,0.854828055328036,Down,Down
2006-05-08,0.13745819922815183,0.8625418007718482,Down,Down
2006-05-09,0.1301097433646904,0.8698902566353096,Down,Down
2006-05-10,0.12178520712652496,0.878214792873475,Down,Down
2006-05-11,0.1355126549552167,0.8644873450447833,Down,Down
2006-05-12,0.1498617384076839,0.8501382615923161,Down,Down
2006-05-15,0.19688601505255132,0.8031139849474487,Down,Down
2006-05-16,0.19020435616998999,0.80979564383001,Down,Down
2006-05-17,0.15369243337025318,0.8463075666297468,Down,Down
2006-05-18,0.23735190947869778,0.7626480905213022,Down,Down
2006-05-19,0.2951876514561895,0.7048123485438105,Down,Down
2006-05-22,0.38505963812478994,0.6149403618752101,Down,Up
2006-05-23,0.322625243515546,0.677374756484454,Down,Down
2006-05-24,0.3666327598497846,0.6333672401502154,Down,Up
2006-05-25,0.3052624121079317,0.6947375878920683,Down,Up
2006-05-26,0.31476737840777225,0.6852326215922278,Down,Down
2006-05-29,0.3156882684460337,0.6843117315539663,Down,Down
2006-05-30,0.32979702942270217,0.6702029705772978,Down,Down
2006-05-31,0.39113493689067713,0.6088650631093229,Down,Up
2006-06-01,0.46222355699647455,0.5377764430035255,Down,Up
2006-06-02,0.38618990241065076,0.6138100975893492,Down,Up
2006-06-05,0.4290346295384454,0.5709653704615546,Down,Up
2006-06-06,0.47779805240253936,0.5222019475974606,Down,Up
2006-06-07,0.5271356608118118,0.47286433918818815,Up,Up
2006-06-08,0.6215589146625372,0.3784410853374628,Up,Up
2006-06-09,0.523647873135364,0.47635212686463596,Up,Up
2006-06-12,0.5851558189747337,0.4148441810252664,Up,Up
2006-06-13,0.6665793925943506,0.3334206074056494,Up,Up
2006-06-14,0.688833207298059,0.3111667927019411,Up,Up
2006-06-15,0.5629557528750111,0.43704424712498896,Up,Up
2006-06-16,0.5014111815507969,0.4985888184492031,Up,Up
2006-06-19,0.484318743572977,0.515681256427023,Down,Up
2006-06-20,0.5199500283584026,0.4800499716415973,Up,Up
2006-06-21,0.4797929645569454,0.5202070354430546,Down,Up
2006-06-22,0.43490368364773135,0.5650963163522686,Down,Up
2006-06-23,0.40674925469864776,0.5932507453013522,Down,Up
2006-06-25,0.4026436691798658,0.5973563308201342,Down,Up
2006-06-26,0.46751394364934806,0.5324860563506519,Down,Up
2006-06-27,0.40060497548729945,0.5993950245127005,Down,Up
2006-06-28,0.3796362030487792,0.6203637969512208,Down,Up
2006-06-29,0.3698888492465576,0.6301111507534424,Down,Up
2006-06-30,0.30010481674366685,0.6998951832563332,Down,Up
2006-07-03,0.28929963509702095,0.710700364902979,Down,Up
2006-07-04,0.29516787889645835,0.7048321211035417,Down,Up
2006-07-05,0.26767700351666124,0.7323229964833388,Down,Up
2006-07-06,0.2869377090483729,0.7130622909516271,Down,Up
2006-07-07,0.32732136634293985,0.6726786336570602,Down,Up
2006-07-10,0.2935442328040495,0.7064557671959505,Down,Up
2006-07-11,0.3071056924314327,0.6928943075685673,Down,Up
2006-07-12,0.2741086349416004,0.7258913650583996,Down,Up
2006-07-13,0.2862255579404387,0.7137744420595613,Down,Up
2006-07-14,0.30987928451361746,0.6901207154863825,Down,Up
2006-07-17,0.3742304337783854,0.6257695662216146,Down,Up
2006-07-18,0.3850873234365668,0.6149126765634332,Down,Up
2006-07-19,0.4387796004538078,0.5612203995461922,Down,Up
2006-07-20,0.394090972925204,0.605909027074796,Down,Up
2006-07-21,0.44638037965096033,0.5536196203490397,Down,Up
2006-07-24,0.4250582196364645,0.5749417803635355,Down,Up
2006-07-25,0.39305531224634926,0.6069446877536507,Down,Up
2006-07-26,0.3790830846028932,0.6209169153971068,Down,Up
2006-07-27,0.35496436658595676,0.6450356334140432,Down,Up
2006-07-28,0.3801302756267918,0.6198697243732082,Down,Up
2006-07-31,0.37330584063951433,0.6266941593604857,Down,Up
2006-08-01,0.3703151715198967,0.6296848284801033,Down,Up
2006-08-02,0.35219173219131816,0.6478082678086818,Down,Up
2006-08-03,0.3484199009763136,0.6515800990236864,Down,Up
2006-08-04,0.3550519459098005,0.6449480540901995,Down,Up
2006-08-07,0.36847433609076974,0.6315256639092303,Down,Up
2006-08-08,0.336436091698489,0.663563908301511,Down,Up
2006-08-09,0.3149513173949683,0.6850486826050317,Down,Up
2006-08-10,0.31236263365005157,0.6876373663499484,Down,Up
2006-08-11,0.30545735847284494,0.6945426415271551,Down,Up
2006-08-14,0.2869029801715277,0.7130970198284723,Down,Up
2006-08-16,0.2676002808285324,0.7323997191714676,Down,Up
2006-08-17,0.2684228227951003,0.7315771772048997,Down,Up
2006-08-18,0.2677014446254149,0.7322985553745851,Down,Up
2006-08-21,0.2645852675266207,0.7354147324733793,Down,Up
2006-08-22,0.2646603163721515,0.7353396836278485,Down,Up
2006-08-23,0.27820276764915985,0.7217972323508401,Down,Up
2006-08-24,0.2623641541379449,0.7376358458620551,Down,Up
2006-08-25,0.2555328631541145,0.7444671368458855,Down,Up
2006-08-28,0.24947561608291546,0.7505243839170845,Down,Up
2006-08-29,0.2392496962501014,0.7607503037498986,Down,Up
2006-08-30,0.2370964472255015,0.7629035527744985,Down,Up
2006-08-31,0.24444827557471716,0.7555517244252828,Down,Up
2006-09-01,0.20755260414703436,0.7924473958529656,Down,Up
2006-09-04,0.19223764588810788,0.8077623541118921,Down,Up
2006-09-05,0.19356659393298836,0.8064334060670116,Down,Up
2006-09-06,0.1923958341333838,0.8076041658666162,Down,Up
2006-09-07,0.20069004558085468,0.7993099544191453,Down,Up
2006-09-08,0.19440881538317512,0.8055911846168249,Down,Up
2006-09-11,0.23480890820472455,0.7651910917952754,Down,Up
2006-09-12,0.22569795690201866,0.7743020430979813,Down,Up
2006-09-13,0.19963788016173256,0.8003621198382674,Down,Up
2006-09-14,0.19339301781736729,0.8066069821826327,Down,Up
2006-09-15,0.19104847845696726,0.8089515215430327,Down,Up
2006-09-18,0.18622565156721915,0.8137743484327808,Down,Up
2006-09-19,0.19872029567606353,0.8012797043239365,Down,Up
2006-09-20,0.18276844786497493,0.8172315521350251,Down,Up
2006-09-21,0.16606703314611038,0.8339329668538896,Down,Up
2006-09-22,0.16899398186483294,0.8310060181351671,Down,Up
2006-09-25,0.17592701484940243,0.8240729851505976,Down,Up
2006-09-26,0.14264092983502574,0.8573590701649743,Down,Up
2006-09-27,0.14076058704962324,0.8592394129503768,Down,Up
2006-09-28,0.14287027181702405,0.857129728182976,Down,Up
2006-09-29,0.13857664421956517,0.8614233557804348,Down,Up
2006-10-03,0.14360466299650876,0.8563953370034912,Down,Up
2006-10-04,0.16035727820588064,0.8396427217941194,Down,Up
2006-10-05,0.14530503777700288,0.8546949622229971,Down,Up
2006-10-06,0.1439537329030668,0.8560462670969332,Down,Up
2006-10-09,0.14402006469300144,0.8559799353069986,Down,Up
2006-10-10,0.14366441659520734,0.8563355834047927,Down,Up
2006-10-11,0.15140484867509774,0.8485951513249023,Down,Up
2006-10-12,0.13367345130215713,0.8663265486978429,Down,Up
2006-10-13,0.11938310989879275,0.8806168901012073,Down,Up
2006-10-16,0.10792255715302423,0.8920774428469758,Down,Up
2006-10-17,0.11497151964215258,0.8850284803578474,Down,Up
2006-10-18,0.12107244651755944,0.8789275534824406,Down,Up
2006-10-19,0.13341535355469414,0.8665846464453059,Down,Up
2006-10-20,0.14074115429811807,0.8592588457018819,Down,Up
2006-10-21,0.1394175460892053,0.8605824539107947,Down,Up
2006-10-23,0.14697090028486304,0.853029099715137,Down,Up
2006-10-26,0.1470561229344991,0.8529438770655009,Down,Up
2006-10-27,0.13495787962240868,0.8650421203775913,Down,Up
2006-10-30,0.16363348736715022,0.8363665126328498,Down,Up
2006-10-31,0.1698043358491047,0.8301956641508953,Down,Down
2006-11-01,0.18208925128075004,0.81791074871925,Down,Down
2006-11-02,0.1745584383600176,0.8254415616399824,Down,Up
2006-11-03,0.17008500203936638,0.8299149979606336,Down,Up
2006-11-06,0.16906559876195948,0.8309344012380405,Down,Up
2006-11-07,0.17196434781754966,0.8280356521824503,Down,Up
2006-11-08,0.17899561473378323,0.8210043852662168,Down,Up
2006-11-09,0.17329163955822935,0.8267083604417707,Down,Up
2006-11-10,0.16170164907117868,0.8382983509288213,Down,Up
2006-11-13,0.154822606861431,0.845177393138569,Down,Up
2006-11-14,0.15286762281050192,0.8471323771894981,Down,Up
2006-11-15,0.14884654615203086,0.8511534538479691,Down,Up
2006-11-16,0.14897272747615664,0.8510272725238434,Down,Up
2006-11-17,0.15581968771491939,0.8441803122850806,Down,Up
2006-11-20,0.1548606058467089,0.8451393941532911,Down,Up
2006-11-21,0.13834088680292034,0.8616591131970797,Down,Up
2006-11-22,0.12907614886776786,0.8709238511322321,Down,Up
2006-11-23,0.13195929069756263,0.8680407093024374,Down,Down
2006-11-24,0.13068835863448158,0.8693116413655184,Down,Down
2006-11-27,0.12718302491336353,0.8728169750866365,Down,Down
2006-11-28,0.13897111277348118,0.8610288872265188,Down,Up
2006-11-29,0.13764173430385473,0.8623582656961453,Down,Up
2006-11-30,0.130724254170401,0.869275745829599,Down,Up
2006-12-01,0.12060642242272945,0.8793935775772705,Down,Up
2006-12-04,0.11984950133886119,0.8801504986611388,Down,Up
2006-12-05,0.11657157580422539,0.8834284241957746,Down,Up
2006-12-06,0.11670480191696375,0.8832951980830362,Down,Up
2006-12-07,0.11556804490874928,0.8844319550912507,Down,Up
2006-12-08,0.12921477216222377,0.8707852278377762,Down,Up
2006-12-11,0.15950587784514358,0.8404941221548564,Down,Up
2006-12-12,0.20108608944721595,0.798913910552784,Down,Up
2006-12-13,0.18508732869018663,0.8149126713098134,Down,Up
2006-12-14,0.1613593970526226,0.8386406029473774,Down,Up
2006-12-15,0.14891218783203886,0.8510878121679611,Down,Up
2006-12-18,0.1381550786176443,0.8618449213823557,Down,Up
2006-12-19,0.16490593996990421,0.8350940600300958,Down,Up
2006-12-20,0.169452052774424,0.830547947225576,Down,Up
2006-12-21,0.16459038518349145,0.8354096148165086,Down,Up
2006-12-22,0.15398752965938467,0.8460124703406153,Down,Up
2006-12-26,0.13530524907059804,0.864694750929402,Down,Up
2006-12-27,0.127109363449724,0.872890636550276,Down,Up
2006-12-28,0.12817274450165583,0.8718272554983442,Down,Up
2006-12-29,0.12919665648738188,0.8708033435126181,Down,Up
2007-01-02,0.11958657637583592,0.8804134236241641,Down,Up
2007-01-03,0.11594723692936904,0.884052763070631,Down,Up
2007-01-04,0.12421615883093362,0.8757838411690664,Down,Up
2007-01-05,0.12566846165960954,0.8743315383403905,Down,Up
2007-01-08,0.13817973136269124,0.8618202686373088,Down,Up
2007-01-09,0.14362366712491204,0.856376332875088,Down,Up
2007-01-10,0.1607210311928564,0.8392789688071436,Down,Up
2007-01-11,0.1404348868153058,0.8595651131846942,Down,Down
2007-01-12,0.11417914628099712,0.8858208537190029,Down,Down
2007-01-15,0.10867633343503513,0.8913236665649649,Down,Down
2007-01-16,0.11281491960326573,0.8871850803967343,Down,Down
2007-01-17,0.11623907662036337,0.8837609233796366,Down,Down
2007-01-18,0.11026230897701272,0.8897376910229873,Down,Down
2007-01-19,0.12333060632663129,0.8766693936733687,Down,Down
2007-01-22,0.12387327188673347,0.8761267281132665,Down,Down
2007-01-23,0.14543463882920438,0.8545653611707956,Down,Down
2007-01-24,0.14018909058109763,0.8598109094189024,Down,Down
2007-01-25,0.12730650099957808,0.8726934990004219,Down,Down
2007-01-29,0.14979971831914662,0.8502002816808534,Down,Down
2007-01-31,0.2092692819752695,0.7907307180247305,Down,Down
2007-02-01,0.2029116690985484,0.7970883309014516,Down,Down
2007-02-02,0.19240725365867062,0.8075927463413294,Down,Down
2007-02-05,0.1834707132865051,0.8165292867134949,Down,Down
2007-02-06,0.18889131395439995,0.8111086860456,Down,Down
2007-02-07,0.1807184715528637,0.8192815284471363,Down,Down
2007-02-08,0.18138185532450102,0.818618144675499,Down,Down
2007-02-09,0.19155140000123883,0.8084485999987612,Down,Down
2007-02-12,0.23211060082508272,0.7678893991749173,Down,Down
2007-02-13,0.23714882105769952,0.7628511789423005,Down,Down
2007-02-14,0.2357341525928338,0.7642658474071662,Down,Down
2007-02-15,0.2042168524144139,0.7957831475855861,Down,Down
2007-02-19,0.19925803670653963,0.8007419632934604,Down,Down
2007-02-20,0.21740680503835708,0.7825931949616429,Down,Down
2007-02-21,0.22080455697938006,0.7791954430206199,Down,Down
2007-02-22,0.23961824392356323,0.7603817560764368,Down,Down
2007-02-23,0.2757351664917991,0.7242648335082009,Down,Down
2007-02-26,0.2749722337933789,0.7250277662066211,Down,Down
2007-02-27,0.2935257844375774,0.7064742155624226,Down,Down
2007-02-28,0.35581298239970627,0.6441870176002937,Down,Up
2007-03-01,0.32675755838166576,0.6732424416183342,Down,Up
2007-03-02,0.3643041216603429,0.6356958783396571,Down,Up
2007-03-05,0.43636608818819744,0.5636339118118026,Down,Up
2007-03-06,0.39729261928685533,0.6027073807131447,Down,Up
2007-03-07,0.41144065932797413,0.5885593406720259,Down,Up
2007-03-08,0.3483784488363617,0.6516215511636383,Down,Up
2007-03-09,0.36805711423685894,0.6319428857631411,Down,Up
2007-03-12,0.36050525676305356,0.6394947432369464,Down,Up
2007-03-13,0.34383721210437834,0.6561627878956217,Down,Up
2007-03-14,0.4044121462389314,0.5955878537610686,Down,Up
2007-03-15,0.402439076318337,0.597560923681663,Down,Up
2007-03-16,0.41982222852876516,0.5801777714712348,Down,Up
2007-03-19,0.3855468230950888,0.6144531769049112,Down,Up
2007-03-20,0.37677839647263767,0.6232216035273623,Down,Up
2007-03-21,0.34654549401962553,0.6534545059803745,Down,Up
2007-03-22,0.29916825458995755,0.7008317454100425,Down,Up
2007-03-23,0.3051273554012792,0.6948726445987208,Down,Up
2007-03-26,0.32235332972622976,0.6776466702737702,Down,Up
2007-03-28,0.34761390662021185,0.6523860933797881,Down,Up
2007-03-29,0.33036129630139444,0.6696387036986056,Down,Up
2007-03-30,0.3206335292030683,0.6793664707969317,Down,Up
2007-04-02,0.40673142104703364,0.5932685789529664,Down,Up
2007-04-03,0.3789075632542267,0.6210924367457733,Down,Up
2007-04-04,0.3180077446682953,0.6819922553317047,Down,Up
2007-04-05,0.30854398979741515,0.6914560102025848,Down,Up
2007-04-09,0.2709573950000017,0.7290426049999983,Down,Up
2007-04-10,0.2694165637197802,0.7305834362802198,Down,Up
2007-04-11,0.2640500319265723,0.7359499680734277,Down,Up
2007-04-12,0.2766075839245694,0.7233924160754306,Down,Up
2007-04-13,0.24976121123611883,0.7502387887638812,Down,Up
2007-04-16,0.216729471740587,0.783270528259413,Down,Up
2007-04-17,0.23043083065100478,0.7695691693489952,Down,Up
2007-04-18,0.22291579111945203,0.777084208880548,Down,Up
2007-04-19,0.2291411686797734,0.7708588313202266,Down,Up
2007-04-20,0.20835059890799834,0.7916494010920017,Down,Up
2007-04-23,0.20842754813954134,0.7915724518604587,Down,Up
2007-04-24,0.19265410649552306,0.8073458935044769,Down,Up
2007-04-25,0.1860473474383979,0.8139526525616021,Down,Down
2007-04-26,0.18552945003430554,0.8144705499656945,Down,Down
2007-04-27,0.2288868098977772,0.7711131901022228,Down,Up
2007-04-30,0.23599623123964042,0.7640037687603596,Down,Up
2007-05-03,0.21671328248497734,0.7832867175150227,Down,Up
2007-05-04,0.228410289052706,0.771589710947294,Down,Up
2007-05-07,0.23051886642598685,0.7694811335740132,Down,Up
2007-05-08,0.24266832693686258,0.7573316730631374,Down,Up
2007-05-09,0.24493466905455508,0.7550653309454449,Down,Up
2007-05-10,0.248660652340153,0.751339347659847,Down,Up
2007-05-11,0.24574061661448898,0.754259383385511,Down,Up
2007-05-14,0.23214479338421867,0.7678552066157813,Down,Up
2007-05-15,0.23786587761264166,0.7621341223873583,Down,Up
2007-05-16,0.22117387380275866,0.7788261261972413,Down,Up
2007-05-17,0.2060299475835201,0.7939700524164799,Down,Up
2007-05-18,0.2159391503136041,0.7840608496863959,Down,Up
2007-05-21,0.2126630339485568,0.7873369660514432,Down,Up
2007-05-22,0.2074857129555825,0.7925142870444175,Down,Up
2007-05-23,0.2161095885719746,0.7838904114280254,Down,Up
2007-05-24,0.22916853495458822,0.7708314650454118,Down,Up
2007-05-25,0.2031598028486864,0.7968401971513136,Down,Up
2007-05-28,0.20065373311280488,0.7993462668871951,Down,Up
2007-05-29,0.1951213573970486,0.8048786426029514,Down,Up
2007-05-30,0.19147737842240609,0.8085226215775939,Down,Up
2007-05-31,0.177315918196567,0.822684081803433,Down,Up
2007-06-01,0.17738972884915705,0.822610271150843,Down,Up
2007-06-04,0.18567651964281706,0.8143234803571829,Down,Up
2007-06-05,0.18103088467931272,0.8189691153206873,Down,Up
2007-06-06,0.20632609618493492,0.7936739038150651,Down,Up
2007-06-07,0.21226160453668863,0.7877383954633114,Down,Up
2007-06-08,0.22306618016889557,0.7769338198311044,Down,Up
2007-06-11,0.22311749646441525,0.7768825035355847,Down,Up
2007-06-12,0.2198200659834183,0.7801799340165817,Down,Up
2007-06-13,0.23364639143095345,0.7663536085690466,Down,Up
2007-06-14,0.21520728945529455,0.7847927105447055,Down,Up
2007-06-15,0.21462105073155335,0.7853789492684466,Down,Up
2007-06-18,0.22272225871334372,0.7772777412866563,Down,Up
2007-06-19,0.2016897631641208,0.7983102368358792,Down,Up
2007-06-20,0.19117399323869366,0.8088260067613063,Down,Up
2007-06-21,0.18580326542655212,0.8141967345734479,Down,Up
2007-06-22,0.19074657650451454,0.8092534234954855,Down,Up
2007-06-25,0.18361321200076253,0.8163867879992375,Down,Up
2007-06-26,0.17664531408671447,0.8233546859132855,Down,Up
2007-06-27,0.1825459256008073,0.8174540743991927,Down,Up
2007-06-28,0.17798951874125069,0.8220104812587493,Down,Up
2007-06-29,0.16787029261799835,0.8321297073820016,Down,Up
2007-07-02,0.16681914675899878,0.8331808532410012,Down,Up
2007-07-03,0.1556544194360827,0.8443455805639173,Down,Up
2007-07-04,0.15520651810577535,0.8447934818942247,Down,Down
2007-07-05,0.15685025358277005,0.84314974641723,Down,Down
2007-07-06,0.14174479134146223,0.8582552086585378,Down,Down
2007-07-09,0.1342550578093994,0.8657449421906006,Down,Down
2007-07-10,0.13763261219189293,0.8623673878081071,Down,Down
2007-07-11,0.14455783874883277,0.8554421612511672,Down,Down
2007-07-12,0.13084321565011647,0.8691567843498835,Down,Down
2007-07-13,0.11860123257396038,0.8813987674260396,Down,Down
2007-07-16,0.1125159428676975,0.8874840571323025,Down,Down
2007-07-17,0.11801165402434255,0.8819883459756575,Down,Down
2007-07-18,0.11857287805786287,0.8814271219421371,Down,Down
2007-07-19,0.10966443487843724,0.8903355651215628,Down,Down
2007-07-20,0.11382466924658519,0.8861753307534148,Down,Down
2007-07-23,0.10442476056396055,0.8955752394360394,Down,Down
2007-07-24,0.10417790850166653,0.8958220914983335,Down,Down
2007-07-25,0.11625200419810167,0.8837479958018983,Down,Down
2007-07-26,0.11640296444491394,0.8835970355550861,Down,Down
2007-07-27,0.15578552519261712,0.8442144748073829,Down,Up
2007-07-30,0.185438906520214,0.814561093479786,Down,Up
2007-07-31,0.17678041440146708,0.8232195855985329,Down,Down
2007-08-01,0.23001874366880948,0.7699812563311905,Down,Up
2007-08-02,0.22525926423784526,0.7747407357621547,Down,Up
2007-08-03,0.21126541187873382,0.7887345881212662,Down,Up
2007-08-06,0.230206367501401,0.769793632498599,Down,Up
2007-08-07,0.22542579076121338,0.7745742092387866,Down,Up
2007-08-08,0.19432515058149735,0.8056748494185026,Down,Up
2007-08-09,0.2108299254002427,0.7891700745997573,Down,Up
2007-08-10,0.23183515626386186,0.7681648437361381,Down,Up
2007-08-13,0.2195610675521421,0.7804389324478579,Down,Up
2007-08-14,0.22230341083014205,0.777696589169858,Down,Up
2007-08-16,0.2870595305474909,0.7129404694525091,Down,Up
2007-08-17,0.3137998301838387,0.6862001698161613,Down,Up
2007-08-20,0.27588638041674496,0.724113619583255,Down,Up
2007-08-21,0.326929029584654,0.673070970415346,Down,Up
2007-08-22,0.296161163005909,0.703838836994091,Down,Up
2007-08-23,0.3105081645549487,0.6894918354450513,Down,Up
2007-08-24,0.28235591358551515,0.7176440864144848,Down,Up
2007-08-27,0.2435102404253906,0.7564897595746094,Down,Up
2007-08-28,0.23780154361813266,0.7621984563818673,Down,Up
2007-08-29,0.22594731942818957,0.7740526805718104,Down,Up
2007-08-30,0.20996137612918608,0.7900386238708139,Down,Up
2007-08-31,0.19478891214592542,0.8052110878540746,Down,Up
2007-09-03,0.1918175243387048,0.8081824756612952,Down,Up
2007-09-04,0.19064885380910923,0.8093511461908908,Down,Up
2007-09-05,0.19131938340823273,0.8086806165917673,Down,Up
2007-09-06,0.1800924532422049,0.8199075467577951,Down,Up
2007-09-07,0.18252334350628463,0.8174766564937154,Down,Up
2007-09-10,0.18314675164132577,0.8168532483586742,Down,Up
2007-09-11,0.18622751760884515,0.8137724823911548,Down,Up
2007-09-12,0.18629981427165776,0.8137001857283422,Down,Up
2007-09-13,0.17753264758676368,0.8224673524132363,Down,Up
2007-09-14,0.18053383230530795,0.819466167694692,Down,Up
2007-09-17,0.18712403308858994,0.8128759669114101,Down,Up
2007-09-18,0.17377418920440835,0.8262258107955917,Down,Up
2007-09-19,0.13051535698280547,0.8694846430171945,Down,Up
2007-09-20,0.1274759446072452,0.8725240553927548,Down,Up
2007-09-21,0.11063564502407752,0.8893643549759225,Down,Up
2007-09-24,0.09963344682498665,0.9003665531750134,Down,Up
2007-09-25,0.09866604957588043,0.9013339504241196,Down,Up
2007-09-26,0.09877889848352339,0.9012211015164766,Down,Up
2007-09-27,0.08912442073663684,0.9108755792633632,Down,Up
2007-09-28,0.08625767238813054,0.9137423276118695,Down,Up
2007-10-01,0.0797362732236171,0.9202637267763829,Down,Up
2007-10-03,0.06209955919290566,0.9379004408070943,Down,Up
2007-10-04,0.06249000951991324,0.9375099904800868,Down,Up
2007-10-05,0.057771748788698285,0.9422282512113017,Down,Up
2007-10-08,0.0696230810642342,0.9303769189357658,Down,Up
2007-10-09,0.04451781458288484,0.9554821854171152,Down,Up
2007-10-10,0.03570507179034532,0.9642949282096547,Down,Up
2007-10-11,0.030711877442191948,0.969288122557808,Down,Down
2007-10-12,0.037777194435357986,0.962222805564642,Down,Up
2007-10-15,0.023165359046832146,0.9768346409531679,Down,Up
2007-10-16,0.023957941256774973,0.976042058743225,Down,Up
2007-10-17,0.03037388897566795,0.969626111024332,Down,Up
2007-10-18,0.04448152584553855,0.9555184741544615,Down,Up
2007-10-19,0.06371452084058038,0.9362854791594196,Down,Up
2007-10-22,0.06854153422816511,0.9314584657718349,Down,Up
2007-10-23,0.04122976687762114,0.9587702331223789,Down,Up
2007-10-24,0.039159310429405014,0.960840689570595,Down,Up
2007-10-25,0.03378280005271517,0.9662171999472848,Down,Up
2007-10-26,0.026454412133903427,0.9735455878660966,Down,Up
2007-10-29,0.018537076852356726,0.9814629231476433,Down,Up
2007-10-30,0.021884340310698303,0.9781156596893017,Down,Up
2007-10-31,0.024927266934843928,0.9750727330651561,Down,Up
2007-11-01,0.0261090817121572,0.9738909182878428,Down,Up
2007-11-02,0.02301537394855213,0.9769846260514479,Down,Up
2007-11-05,0.027371737847635247,0.9726282621523648,Down,Down
2007-11-06,0.030879028884216453,0.9691209711157835,Down,Down
2007-11-07,0.03128816352812769,0.9687118364718723,Down,Down
2007-11-08,0.036889810358438746,0.9631101896415613,Down,Up
2007-11-09,0.03947340272110855,0.9605265972788914,Down,Up
2007-11-12,0.04310495424196148,0.9568950457580385,Down,Up
2007-11-13,0.037327284663398075,0.9626727153366019,Down,Up
2007-11-14,0.023522641965985636,0.9764773580340144,Down,Up
2007-11-15,0.024859824381932016,0.975140175618068,Down,Up
2007-11-16,0.025118533369660412,0.9748814666303396,Down,Up
2007-11-19,0.025142672429875335,0.9748573275701247,Down,Up
2007-11-20,0.032200907670434153,0.9677990923295658,Down,Up
2007-11-21,0.0485846657489184,0.9514153342510816,Down,Up
2007-11-22,0.052414947621999275,0.9475850523780007,Down,Up
2007-11-23,0.04541310647165009,0.9545868935283499,Down,Up
2007-11-26,0.03638872752699451,0.9636112724730055,Down,Up
2007-11-27,0.038919979396170756,0.9610800206038292,Down,Up
2007-11-28,0.045148906187455484,0.9548510938125445,Down,Up
2007-11-29,0.0438368653099519,0.9561631346900481,Down,Up
2007-11-30,0.03481383824478468,0.9651861617552153,Down,Up
2007-12-03,0.0288075091344151,0.9711924908655849,Down,Up
2007-12-04,0.029319520899355966,0.970680479100644,Down,Up
2007-12-05,0.02527504901488664,0.9747249509851134,Down,Down
2007-12-06,0.02463729658015401,0.975362703419846,Down,Down
2007-12-07,0.023800006953315078,0.9761999930466849,Down,Down
2007-12-10,0.024583904634465026,0.975416095365535,Down,Down
2007-12-11,0.01885962027330823,0.9811403797266918,Down,Down
2007-12-12,0.011800843716465392,0.9881991562835346,Down,Down
2007-12-13,0.014835817386036343,0.9851641826139637,Down,Down
2007-12-14,0.015235561224250072,0.9847644387757499,Down,Down
2007-12-17,0.0266679914386605,0.9733320085613395,Down,Down
2007-12-18,0.02872687922806927,0.9712731207719307,Down,Down
2007-12-19,0.028377978015644123,0.9716220219843559,Down,Down
2007-12-20,0.02766862305380191,0.9723313769461981,Down,Down
2007-12-24,0.01790394285811936,0.9820960571418806,Down,Down
2007-12-26,0.015128535452979541,0.9848714645470205,Down,Down
2007-12-27,0.014764447482084275,0.9852355525179157,Down,Down
2007-12-28,0.014948701826773103,0.9850512981732269,Down,Down
2007-12-31,0.0132785178919832,0.9867214821080168,Down,Down
2008-01-01,0.013270189028479651,0.9867298109715203,Down,Down
2008-01-02,0.012409736997073484,0.9875902630029265,Down,Down
2008-01-03,0.012522185311352185,0.9874778146886478,Down,Down
2008-01-04,0.010291188615411118,0.9897088113845889,Down,Down
2008-01-07,0.010293974041298615,0.9897060259587014,Down,Down
2008-01-08,0.01019651147532774,0.9898034885246723,Down,Down
2008-01-09,0.010652236253378522,0.9893477637466215,Down,Down
2008-01-10,0.013745979134005326,0.9862540208659947,Down,Down
2008-01-11,0.01286463551315098,0.987135364486849,Down,Down
2008-01-14,0.012803899368311278,0.9871961006316887,Down,Down
2008-01-15,0.01692773359858668,0.9830722664014133,Down,Down
2008-01-16,0.022532782357255865,0.9774672176427441,Down,Down
2008-01-17,0.03748917183188194,0.9625108281681181,Down,Down
2008-01-18,0.055269456237568404,0.9447305437624316,Down,Down
2008-01-21,0.11909511168155262,0.8809048883184474,Down,Down
2008-01-22,0.18299761496244882,0.8170023850375512,Down,Down
2008-01-23,0.1220646525098934,0.8779353474901066,Down,Down
2008-01-24,0.15459587410322317,0.8454041258967768,Down,Down
2008-01-25,0.09939385969140746,0.9006061403085925,Down,Down
2008-01-28,0.10938105641921902,0.890618943580781,Down,Down
2008-01-29,0.11132473895636852,0.8886752610436315,Down,Down
2008-01-30,0.13252423331493202,0.867475766685068,Down,Down
2008-01-31,0.13475692585546206,0.8652430741445379,Down,Down
2008-02-01,0.10690054814479266,0.8930994518552073,Down,Down
2008-02-04,0.08620854825895075,0.9137914517410493,Down,Down
2008-02-05,0.08365427050590757,0.9163457294940924,Down,Down
2008-02-06,0.10623109286339627,0.8937689071366037,Down,Down
2008-02-07,0.13848151377087836,0.8615184862291216,Down,Down
2008-02-08,0.14080419157256463,0.8591958084274354,Down,Down
2008-02-11,0.1983074078936894,0.8016925921063106,Down,Down
2008-02-12,0.2030044579858199,0.7969955420141801,Down,Up
2008-02-13,0.18119973850375515,0.8188002614962449,Down,Down
2008-02-14,0.12656140126192594,0.8734385987380741,Down,Down
2008-02-15,0.10999555972150299,0.890004440278497,Down,Down
2008-02-18,0.11419868529079458,0.8858013147092054,Down,Down
2008-02-19,0.11393918441714512,0.8860608155828549,Down,Down
2008-02-20,0.13587931564369982,0.8641206843563002,Down,Down
2008-02-21,0.129197812374381,0.870802187625619,Down,Down
2008-02-22,0.1444875961207075,0.8555124038792925,Down,Down
2008-02-25,0.1281333010005612,0.8718666989994388,Down,Down
2008-02-26,0.11634706687517671,0.8836529331248233,Down,Down
2008-02-27,0.11683842226228003,0.88316157773772,Down,Down
2008-02-28,0.11428168835189845,0.8857183116481016,Down,Down
2008-02-29,0.12451489109529601,0.875485108904704,Down,Down
2008-03-03,0.17804616287865482,0.8219538371213452,Down,Up
2008-03-04,0.19903420386562398,0.800965796134376,Down,Up
2008-03-05,0.18570542732697692,0.8142945726730231,Down,Up
2008-03-07,0.22253947938597796,0.777460520614022,Down,Up
2008-03-10,0.21519777505691318,0.7848022249430868,Down,Up
2008-03-11,0.19871048695212745,0.8012895130478725,Down,Up
2008-03-12,0.19708188380045422,0.8029181161995458,Down,Up
2008-03-13,0.264479116818508,0.735520883181492,Down,Up
2008-03-14,0.20292206982996175,0.7970779301700383,Down,Up
2008-03-17,0.2717141847600102,0.7282858152399898,Down,Up
2008-03-18,0.2625285896323949,0.7374714103676051,Down,Up
2008-03-19,0.2501745741027225,0.7498254258972775,Down,Up
2008-03-24,0.23956084316676884,0.7604391568332312,Down,Up
2008-03-25,0.17181873673369186,0.8281812632663081,Down,Up
2008-03-26,0.1824323445815852,0.8175676554184148,Down,Up
2008-03-27,0.18252024276664058,0.8174797572333594,Down,Up
2008-03-28,0.15755096421583248,0.8424490357841675,Down,Up
2008-03-31,0.2063630855212788,0.7936369144787212,Down,Up
2008-04-01,0.20465181035757396,0.795348189642426,Down,Up
2008-04-02,0.20120350273062315,0.7987964972693768,Down,Up
2008-04-03,0.19665354459083983,0.8033464554091602,Down,Up
2008-04-04,0.22987076442409893,0.7701292355759011,Down,Up
2008-04-07,0.1996617648007788,0.8003382351992212,Down,Up
2008-04-08,0.21263052281354422,0.7873694771864558,Down,Up
2008-04-09,0.20324105273618986,0.7967589472638101,Down,Up
2008-04-10,0.20678611016333137,0.7932138898366686,Down,Up
2008-04-11,0.19586016175305299,0.804139838246947,Down,Up
2008-04-15,0.17211077109892226,0.8278892289010777,Down,Down
2008-04-16,0.17066477108978717,0.8293352289102128,Down,Down
2008-04-17,0.15542667432314627,0.8445733256768537,Down,Down
2008-04-21,0.14078485144015096,0.859215148559849,Down,Down
2008-04-22,0.14627031960925874,0.8537296803907413,Down,Down
2008-04-23,0.15142576406783204,0.848574235932168,Down,Down
2008-04-24,0.1572300292867146,0.8427699707132854,Down,Down
2008-04-25,0.1393592178663987,0.8606407821336013,Down,Down
2008-04-28,0.14437626449084862,0.8556237355091514,Down,Down
2008-04-29,0.12484749963924191,0.8751525003607581,Down,Down
2008-04-30,0.1306693789432345,0.8693306210567655,Down,Down
2008-05-02,0.12065795101695942,0.8793420489830406,Down,Down
2008-05-05,0.12966667168820134,0.8703333283117987,Down,Down
2008-05-06,0.1373962180097439,0.8626037819902561,Down,Down
2008-05-07,0.13919907429840273,0.8608009257015973,Down,Down
2008-05-08,0.14965694737149637,0.8503430526285036,Down,Down
2008-05-09,0.17068937183869992,0.8293106281613001,Down,Down
2008-05-12,0.1642015285164551,0.8357984714835449,Down,Down
2008-05-13,0.17652500471319565,0.8234749952868043,Down,Down
2008-05-14,0.16486216300724765,0.8351378369927523,Down,Down
2008-05-15,0.14589752182966642,0.8541024781703336,Down,Down
2008-05-16,0.14151896169912703,0.858481038300873,Down,Down
2008-05-20,0.1516061298673459,0.8483938701326541,Down,Down
2008-05-21,0.14940191999676755,0.8505980800032324,Down,Down
2008-05-22,0.16830216327291747,0.8316978367270825,Down,Down
2008-05-23,0.18675753011461182,0.8132424698853882,Down,Down
2008-05-26,0.20375238442647126,0.7962476155735287,Down,Down
2008-05-27,0.20729607013632956,0.7927039298636704,Down,Down
2008-05-28,0.19301331340285144,0.8069866865971486,Down,Down
2008-05-29,0.2122033787300368,0.7877966212699632,Down,Down
2008-05-30,0.2034140182046067,0.7965859817953933,Down,Down
2008-06-02,0.23852965321919584,0.7614703467808042,Down,Down
2008-06-03,0.24514471273168603,0.754855287268314,Down,Down
2008-06-04,0.28363521144709014,0.7163647885529099,Down,Down
2008-06-05,0.2559742807353559,0.7440257192646441,Down,Down
2008-06-06,0.2706619796799581,0.7293380203200419,Down,Down
2008-06-09,0.3109601458437232,0.6890398541562768,Down,Down
2008-06-10,0.32847911331453783,0.6715208866854622,Down,Down
2008-06-11,0.30402498164197356,0.6959750183580264,Down,Down
2008-06-12,0.29872953172005723,0.7012704682799428,Down,Down
2008-06-13,0.30563131552239087,0.6943686844776091,Down,Down
2008-06-16,0.28822877978724615,0.7117712202127539,Down,Down
2008-06-17,0.2575239035187269,0.7424760964812731,Down,Down
2008-06-18,0.27804012585304816,0.7219598741469518,Down,Down
2008-06-19,0.30345904421634173,0.6965409557836583,Down,Down
2008-06-20,0.3578327192894445,0.6421672807105555,Down,Up
2008-06-23,0.38774049076795514,0.6122595092320449,Down,Up
2008-06-24,0.41903007130991876,0.5809699286900812,Down,Up
2008-06-25,0.3940460703079297,0.6059539296920703,Down,Up
2008-06-26,0.3699673147714925,0.6300326852285075,Down,Up
2008-06-27,0.4420704199407707,0.5579295800592293,Down,Up
2008-06-30,0.4809129410335482,0.5190870589664518,Down,Up
2008-07-01,0.546336248679753,0.453663751320247,Up,Up
2008-07-02,0.45877617236842294,0.5412238276315771,Down,Up
2008-07-03,0.5322493736866536,0.46775062631334646,Up,Up
2008-07-04,0.4870709441912888,0.5129290558087112,Down,Up
2008-07-07,0.4809282939944395,0.5190717060055605,Down,Up
2008-07-08,0.4984289610665158,0.5015710389334842,Down,Up
2008-07-09,0.4265466519101273,0.5734533480898727,Down,Up
2008-07-10,0.4246847893426844,0.5753152106573156,Down,Up
2008-07-11,0.4748751999983174,0.5251248000016826,Down,Up
2008-07-14,0.47893378255110275,0.5210662174488973,Down,Up
2008-07-15,0.5608491924853127,0.43915080751468727,Up,Up
2008-07-16,0.5831768450002432,0.41682315499975675,Up,Up
2008-07-17,0.523891727153704,0.4761082728462959,Up,Up
2008-07-18,0.4597482204525324,0.5402517795474676,Down,Up
2008-07-21,0.43705240765267295,0.562947592347327,Down,Up
2008-07-22,0.40483051716943885,0.5951694828305611,Down,Up
2008-07-23,0.3184890104737721,0.6815109895262279,Down,Down
2008-07-24,0.3405179226781835,0.6594820773218165,Down,Up
2008-07-25,0.3929610354728804,0.6070389645271196,Down,Up
2008-07-28,0.39203953924744595,0.607960460752554,Down,Up
2008-07-29,0.4599103366698829,0.5400896633301171,Down,Up
2008-07-30,0.4030345875111643,0.5969654124888357,Down,Down
2008-07-31,0.39018366809864835,0.6098163319013516,Down,Down
2008-08-01,0.36006133959912134,0.6399386604008787,Down,Down
2008-08-04,0.36177210206892074,0.6382278979310793,Down,Down
2008-08-05,0.3241031335013196,0.6758968664986804,Down,Down
2008-08-06,0.3192583730703542,0.6807416269296458,Down,Down
2008-08-07,0.31689537618565244,0.6831046238143476,Down,Down
2008-08-08,0.31533700440713597,0.684662995592864,Down,Down
2008-08-11,0.28536070242273504,0.714639297577265,Down,Down
2008-08-12,0.3075014705057073,0.6924985294942927,Down,Down
2008-08-13,0.3153662993823936,0.6846337006176064,Down,Down
2008-08-14,0.34910266741217943,0.6508973325878206,Down,Down
2008-08-18,0.3629073471559895,0.6370926528440105,Down,Down
2008-08-19,0.3716852572205883,0.6283147427794117,Down,Down
2008-08-20,0.3542439506549413,0.6457560493450587,Down,Down
2008-08-21,0.40436766181730344,0.5956323381826966,Down,Down
2008-08-22,0.38782320918617963,0.6121767908138204,Down,Down
2008-08-25,0.3841877325636365,0.6158122674363635,Down,Down
2008-08-26,0.3833084585370148,0.6166915414629852,Down,Down
2008-08-27,0.4016071327904813,0.5983928672095187,Down,Down
2008-08-28,0.42908744058132586,0.5709125594186741,Down,Down
2008-08-29,0.3717079224408224,0.6282920775591776,Down,Down
2008-09-01,0.37618849286911715,0.6238115071308828,Down,Down
2008-09-02,0.32097069065201866,0.6790293093479813,Down,Down
2008-09-04,0.3398693979496423,0.6601306020503577,Down,Down
2008-09-05,0.3753578067001372,0.6246421932998628,Down,Down
2008-09-08,0.328322579073804,0.671677420926196,Down,Down
2008-09-09,0.3316171455064365,0.6683828544935635,Down,Down
2008-09-10,0.3332518439754705,0.6667481560245295,Down,Down
2008-09-11,0.37362646077101935,0.6263735392289806,Down,Down
2008-09-12,0.39813617184347994,0.6018638281565201,Down,Down
2008-09-15,0.45998087208031935,0.5400191279196807,Down,Down
2008-09-16,0.4589753381060161,0.5410246618939839,Down,Down
2008-09-17,0.4886601831811309,0.5113398168188691,Down,Down
2008-09-18,0.47525098261376564,0.5247490173862344,Down,Down
2008-09-19,0.3888966818748185,0.6111033181251815,Down,Down
2008-09-22,0.39717046023208225,0.6028295397679178,Down,Down
2008-09-23,0.437173778329904,0.562826221670096,Down,Down
2008-09-24,0.4226522483828964,0.5773477516171036,Down,Down
2008-09-25,0.4441079164115028,0.5558920835884972,Down,Down
2008-09-26,0.4992618689786774,0.5007381310213226,Down,Down
2008-09-29,0.5623502328228553,0.43764976717714466,Up,Down
2008-09-30,0.5281871160378002,0.47181288396219984,Up,Down
2008-10-01,0.514191103726924,0.48580889627307605,Up,Down
2008-10-03,0.5770781702540708,0.4229218297459291,Up,Down
2008-10-06,0.6860795288728967,0.31392047112710325,Up,Down
2008-10-07,0.683649761326266,0.316350238673734,Up,Down
2008-10-08,0.7317901318420823,0.26820986815791775,Up,Down
2008-10-10,0.8503906837743237,0.1496093162256763,Up,Down
2008-10-13,0.7471948338384713,0.2528051661615287,Up,Down
2008-10-14,0.732756987425033,0.2672430125749669,Up,Down
2008-10-15,0.8240999876937234,0.17590001230627667,Up,Down
2008-10-16,0.8564043404374774,0.14359565956252263,Up,Down
2008-10-17,0.9325653629471891,0.06743463705281094,Up,Down
2008-10-20,0.9074435867454358,0.09255641325456415,Up,Down
2008-10-21,0.8650937677701753,0.13490623222982462,Up,Down
2008-10-22,0.930142179479893,0.06985782052010708,Up,Down
2008-10-23,0.9616545404506569,0.0383454595493431,Up,Down
2008-10-24,0.9978780188550236,0.0021219811449764148,Up,Up
2008-10-27,0.9989049983735436,0.0010950016264564266,Up,Up
2008-10-28,0.9949336714977478,0.005066328502252193,Up,Up
2008-10-29,0.9941695433830822,0.0058304566169177785,Up,Up
2008-10-31,0.9638716181425758,0.036128381857424174,Up,Up
2008-11-03,0.9160644068294098,0.08393559317059018,Up,Up
2008-11-04,0.8779686810267036,0.1220313189732965,Up,Down
2008-11-05,0.9323254011952044,0.06767459880479565,Up,Up
2008-11-06,0.9592999076365155,0.040700092363484486,Up,Up
2008-11-07,0.9381465332414257,0.06185346675857428,Up,Down
2008-11-10,0.8751416279026274,0.12485837209737266,Up,Down
2008-11-11,0.9474596551689498,0.052540344831050134,Up,Down
2008-11-12,0.9674210428751973,0.03257895712480269,Up,Up
2008-11-14,0.974074739986976,0.02592526001302392,Up,Up
2008-11-17,0.9757283848825031,0.024271615117496814,Up,Up
2008-11-18,0.989002732985093,0.010997267014906997,Up,Up
2008-11-19,0.9922952857674832,0.0077047142325168405,Up,Up
2008-11-20,0.9960444783076516,0.003955521692348307,Up,Up
2008-11-21,0.9874414603437596,0.012558539656240486,Up,Up
2008-11-24,0.9860016106903726,0.013998389309627435,Up,Up
2008-11-25,0.9903451125243803,0.009654887475619656,Up,Up
2008-11-26,0.9805216212390324,0.01947837876096753,Up,Down
2008-11-28,0.979801038900374,0.020198961099626045,Up,Up
2008-12-01,0.9876316478108524,0.012368352189147613,Up,Up
2008-12-02,0.9895774674398308,0.010422532560169173,Up,Up
2008-12-03,0.9896121357492302,0.010387864250769763,Up,Up
2008-12-04,0.9744451365186639,0.02555486348133601,Up,Up
2008-12-05,0.9839048190334625,0.01609518096653756,Up,Down
2008-12-08,0.9748423169446512,0.02515768305534888,Up,Down
2008-12-10,0.9441541665359754,0.05584583346402461,Up,Down
2008-12-11,0.9464498178757628,0.05355018212423718,Up,Down
2008-12-12,0.9457060233091197,0.05429397669088032,Up,Down
2008-12-15,0.9283963287554744,0.0716036712445256,Up,Down
2008-12-16,0.9081742585572864,0.0918257414427136,Up,Down
2008-12-17,0.9365314096271772,0.06346859037282282,Up,Down
2008-12-18,0.9001800531756026,0.09981994682439743,Up,Down
2008-12-19,0.8938777470915094,0.1061222529084907,Up,Down
2008-12-22,0.9084497352147944,0.09155026478520556,Up,Down
2008-12-23,0.9320331496574346,0.06796685034256539,Up,Down
2008-12-24,0.9462743437329296,0.053725656267070376,Up,Up
2008-12-26,0.960867716742353,0.03913228325764695,Up,Up
2008-12-29,0.9447568619486599,0.05524313805134001,Up,Up
2008-12-30,0.9278136144780205,0.07218638552197959,Up,Down
2008-12-31,0.9340524743951694,0.06594752560483064,Up,Down
2009-01-01,0.9087618250171666,0.09123817498283338,Up,Down
2009-01-02,0.903538210087519,0.096461789912481,Up,Down
2009-01-05,0.8739582454089914,0.12604175459100858,Up,Down
2009-01-06,0.8776807935030576,0.12231920649694239,Up,Down
2009-01-07,0.944856002582759,0.05514399741724091,Up,Down
2009-01-09,0.9567882215079916,0.04321177849200841,Up,Down
2009-01-12,0.969374641245698,0.030625358754301946,Up,Down
2009-01-13,0.9753973992740852,0.024602600725914747,Up,Up
2009-01-14,0.9578723817995554,0.042127618200444694,Up,Down
2009-01-15,0.9772467842110484,0.02275321578895162,Up,Down
2009-01-16,0.9601199939281073,0.039880006071892626,Up,Down
2009-01-19,0.9563686570181558,0.04363134298184418,Up,Down
2009-01-20,0.9669293605111726,0.033070639488827325,Up,Down
2009-01-21,0.980984633975047,0.019015366024953018,Up,Down
2009-01-22,0.9811449707482678,0.01885502925173227,Up,Down
2009-01-23,0.970248850563645,0.02975114943635504,Up,Down
2009-01-27,0.9503963413997187,0.04960365860028121,Up,Down
2009-01-28,0.9210911926426885,0.07890880735731154,Up,Down
2009-01-29,0.915398622672839,0.08460137732716105,Up,Down
2009-01-30,0.8956246091844707,0.10437539081552927,Up,Down
2009-02-02,0.9191460444849313,0.08085395551506869,Up,Up
2009-02-03,0.9125643206715887,0.08743567932841134,Up,Up
2009-02-04,0.904818375588014,0.09518162441198597,Up,Up
2009-02-05,0.9131336192167675,0.0868663807832325,Up,Up
2009-02-06,0.8864831106405231,0.11351688935947696,Up,Up
2009-02-09,0.8491521405779737,0.15084785942202628,Up,Up
2009-02-10,0.8415472007731342,0.15845279922686584,Up,Up
2009-02-11,0.8456985116701434,0.15430148832985657,Up,Up
2009-02-12,0.8623688746552608,0.1376311253447392,Up,Up
2009-02-13,0.8335552449964762,0.16644475500352385,Up,Up
2009-02-16,0.8830381288825446,0.11696187111745532,Up,Up
2009-02-17,0.9157818170875339,0.08421818291246608,Up,Up
2009-02-18,0.9131830911114707,0.08681690888852939,Up,Up
2009-02-19,0.9080280532539116,0.09197194674608838,Up,Up
2009-02-20,0.9279560886136138,0.07204391138638616,Up,Up
2009-02-24,0.9285436151787977,0.07145638482120231,Up,Up
2009-02-25,0.9183580673816085,0.08164193261839153,Up,Up
2009-02-26,0.9090497830905635,0.09095021690943644,Up,Up
2009-02-27,0.9172542225059322,0.08274577749406775,Up,Up
2009-03-02,0.9473158776532146,0.052684122346785434,Up,Up
2009-03-03,0.9612655779208052,0.0387344220791947,Up,Up
2009-03-04,0.9553121882743041,0.044687811725695914,Up,Up
2009-03-05,0.971167009118994,0.028832990881005993,Up,Up
2009-03-06,0.9613895780655743,0.038610421934425654,Up,Up
2009-03-09,0.97175858562193,0.028241414378069984,Up,Up
2009-03-12,0.9621099290335542,0.03789007096644581,Up,Up
2009-03-13,0.9318045173774706,0.06819548262252939,Up,Up
2009-03-16,0.9102540219008652,0.0897459780991347,Up,Up
2009-03-17,0.9176023693180244,0.08239763068197559,Up,Up
2009-03-18,0.9020494827313918,0.0979505172686081,Up,Up
2009-03-19,0.8964864999451786,0.1035135000548214,Up,Up
2009-03-20,0.8963300000366143,0.1036699999633856,Up,Up
2009-03-23,0.8314885556385547,0.16851144436144533,Up,Up
2009-03-24,0.8314249851679207,0.16857501483207926,Up,Up
2009-03-25,0.8075358585786416,0.19246414142135837,Up,Up
2009-03-26,0.7523373949539316,0.2476626050460684,Up,Up
2009-03-27,0.7451150946118896,0.2548849053881103,Up,Up
2009-03-30,0.8177427933899486,0.18225720661005135,Up,Up
2009-03-31,0.793406288196837,0.206593711803163,Up,Up
2009-04-01,0.7698227475161309,0.2301772524838691,Up,Up
2009-04-02,0.6853408328480809,0.3146591671519191,Up,Up
2009-04-06,0.6594536213201927,0.34054637867980736,Up,Up
2009-04-08,0.6132451063359099,0.38675489366409016,Up,Up
2009-04-09,0.6132348758479413,0.3867651241520587,Up,Up
2009-04-13,0.591784758215031,0.40821524178496904,Up,Up
2009-04-15,0.5433059983103066,0.4566940016896935,Up,Up
2009-04-16,0.6042629853162369,0.39573701468376304,Up,Up
2009-04-17,0.5963279538961146,0.4036720461038854,Up,Up
2009-04-20,0.5997263790377996,0.4002736209622004,Up,Up
2009-04-21,0.6088673206681703,0.3911326793318297,Up,Up
2009-04-22,0.6283845490638662,0.3716154509361338,Up,Up
2009-04-23,0.5795897488041019,0.42041025119589814,Up,Up
2009-04-24,0.5454800983765205,0.4545199016234795,Up,Up
2009-04-27,0.5347251207187144,0.46527487928128564,Up,Up
2009-04-28,0.5908049853874384,0.40919501461256164,Up,Up
2009-04-29,0.5347462406219783,0.46525375937802177,Up,Up
2009-05-04,0.4485102968330301,0.5514897031669699,Down,Up
2009-05-05,0.4455783726335435,0.5544216273664565,Down,Up
2009-05-06,0.4623358652201123,0.5376641347798877,Down,Up
2009-05-07,0.4349877440640879,0.5650122559359121,Down,Up
2009-05-08,0.46433330534981765,0.5356666946501824,Down,Up
2009-05-11,0.5083913562985071,0.49160864370149293,Up,Up
2009-05-12,0.4475670069185549,0.5524329930814451,Down,Up
2009-05-13,0.46837073223233805,0.531629267767662,Down,Up
2009-05-14,0.48866125886662026,0.5113387411333797,Down,Up
2009-05-15,0.45146694739926896,0.548533052600731,Down,Up
2009-05-18,0.20942482036659094,0.7905751796334091,Down,Up
2009-05-19,0.21062422323535712,0.7893757767646429,Down,Down
2009-05-20,0.2234817415367516,0.7765182584632484,Down,Up
2009-05-21,0.24477250584156218,0.7552274941584378,Down,Up
2009-05-22,0.24344938871798505,0.756550611282015,Down,Up
2009-05-25,0.24482998019768787,0.7551700198023121,Down,Down
2009-05-26,0.2840330180772428,0.7159669819227572,Down,Up
2009-05-27,0.23504064322547447,0.7649593567745255,Down,Down
2009-05-28,0.2150816768736904,0.7849183231263096,Down,Down
2009-05-29,0.1863803673202552,0.8136196326797448,Down,Down
2009-06-01,0.19754456497511308,0.8024554350248869,Down,Down
2009-06-02,0.1987547396815308,0.8012452603184692,Down,Down
2009-06-03,0.1976612315483247,0.8023387684516753,Down,Down
2009-06-04,0.1838579388659155,0.8161420611340845,Down,Down
2009-06-05,0.18068674002108354,0.8193132599789165,Down,Down
2009-06-08,0.22223247926248457,0.7777675207375154,Down,Up
2009-06-09,0.18948377755915924,0.8105162224408408,Down,Down
2009-06-10,0.16487039735791065,0.8351296026420894,Down,Down
2009-06-11,0.16896479257964925,0.8310352074203508,Down,Down
2009-06-12,0.18210150341935893,0.8178984965806411,Down,Down
2009-06-15,0.20686710615453308,0.7931328938454669,Down,Up
2009-06-16,0.19765780994699744,0.8023421900530026,Down,Up
2009-06-17,0.26992395885423026,0.7300760411457697,Down,Up
2009-06-18,0.30480845621609387,0.6951915437839061,Down,Up
2009-06-19,0.28373089247257977,0.7162691075274202,Down,Up
2009-06-22,0.31026518395946234,0.6897348160405377,Down,Up
2009-06-23,0.3063934137229589,0.6936065862770411,Down,Up
2009-06-24,0.290443480300548,0.709556519699452,Down,Up
2009-06-25,0.30183473132098726,0.6981652686790127,Down,Up
2009-06-26,0.23094089083160985,0.7690591091683902,Down,Up
2009-06-29,0.22035988883800406,0.7796401111619959,Down,Up
2009-06-30,0.2381553704315018,0.7618446295684982,Down,Up
2009-07-01,0.2235454851596279,0.7764545148403721,Down,Up
2009-07-02,0.22170072735554103,0.778299272644459,Down,Up
2009-07-03,0.20083405592277304,0.799165944077227,Down,Up
2009-07-06,0.2790140005249566,0.7209859994750434,Down,Up
2009-07-07,0.2668279867725115,0.7331720132274885,Down,Up
2009-07-08,0.3092237044138374,0.6907762955861626,Down,Up
2009-07-09,0.30843079057104417,0.6915692094289558,Down,Up
2009-07-10,0.3414791912027577,0.6585208087972423,Down,Up
2009-07-13,0.35495298974260625,0.6450470102573937,Down,Up
2009-07-14,0.30611536938946193,0.6938846306105381,Down,Up
2009-07-15,0.26482665883423384,0.7351733411657662,Down,Up
2009-07-16,0.291693232398509,0.708306767601491,Down,Up
2009-07-17,0.2450201806297957,0.7549798193702043,Down,Up
2009-07-20,0.20916763022096962,0.7908323697790304,Down,Up
2009-07-21,0.21824820208271367,0.7817517979172863,Down,Up
2009-07-22,0.24381621413659338,0.7561837858634066,Down,Up
2009-07-23,0.2195362946630861,0.7804637053369139,Down,Up
2009-07-24,0.19993186416566733,0.8000681358343327,Down,Up
2009-07-27,0.20056257301660385,0.7994374269833961,Down,Up
2009-07-28,0.21786410890358154,0.7821358910964185,Down,Up
2009-07-29,0.23172069186149957,0.7682793081385004,Down,Up
2009-07-30,0.2173290770692362,0.7826709229307638,Down,Up
2009-07-31,0.19561555607070247,0.8043844439292975,Down,Up
2009-08-03,0.17342164512512637,0.8265783548748736,Down,Up
2009-08-04,0.1787655319189858,0.8212344680810142,Down,Up
2009-08-05,0.17565538916846501,0.824344610831535,Down,Up
2009-08-06,0.20276105260150223,0.7972389473984978,Down,Up
2009-08-07,0.23087902815344596,0.769120971846554,Down,Up
2009-08-10,0.24392125230396255,0.7560787476960374,Down,Up
2009-08-11,0.2334962578598151,0.7665037421401849,Down,Up
2009-08-12,0.23808373564393814,0.7619162643560619,Down,Up
2009-08-13,0.19716544835319116,0.8028345516468088,Down,Up
2009-08-14,0.20415647331876963,0.7958435266812304,Down,Up
2009-08-17,0.2590429055550387,0.7409570944449613,Down,Up
2009-08-18,0.23762452698519465,0.7623754730148053,Down,Up
2009-08-19,0.2570739701475797,0.7429260298524203,Down,Up
2009-08-20,0.2389945318252782,0.7610054681747218,Down,Up
2009-08-21,0.21807777993202737,0.7819222200679726,Down,Up
2009-08-24,0.18848495182419978,0.8115150481758002,Down,Up
2009-08-25,0.1852470838614021,0.8147529161385979,Down,Up
2009-08-26,0.18046940067331607,0.8195305993266839,Down,Up
2009-08-27,0.1783813857821155,0.8216186142178845,Down,Up
2009-08-28,0.1655638869488214,0.8344361130511786,Down,Up
2009-08-31,0.18225206368400582,0.8177479363159942,Down,Up
2009-09-01,0.19108675687983578,0.8089132431201642,Down,Up
2009-09-02,0.19564094833470846,0.8043590516652915,Down,Up
2009-09-03,0.1996463843231514,0.8003536156768486,Down,Up
2009-09-04,0.17818736377529187,0.8218126362247081,Down,Up
2009-09-07,0.15467444909693107,0.8453255509030689,Down,Up
2009-09-08,0.1500768480263549,0.8499231519736451,Down,Up
2009-09-09,0.1482852603910485,0.8517147396089515,Down,Up
2009-09-10,0.14698953938252302,0.853010460617477,Down,Up
2009-09-11,0.14525927494217772,0.8547407250578223,Down,Down
2009-09-14,0.1471419366083857,0.8528580633916143,Down,Down
2009-09-15,0.13106936182000917,0.8689306381799908,Down,Down
2009-09-16,0.11904671690221891,0.8809532830977811,Down,Down
2009-09-17,0.11797349363803178,0.8820265063619682,Down,Down
2009-09-18,0.11618119823057116,0.8838188017694288,Down,Down
2009-09-22,0.1088300242530783,0.8911699757469217,Down,Down
2009-09-23,0.11750675654661025,0.8824932434533898,Down,Down
2009-09-24,0.1145699525364765,0.8854300474635235,Down,Up
2009-09-25,0.11965157886075706,0.8803484211392429,Down,Down
2009-09-29,0.11139524351850927,0.8886047564814907,Down,Down
2009-09-30,0.09922352917321153,0.9007764708267885,Down,Down
2009-10-01,0.09965296964637793,0.9003470303536221,Down,Down
2009-10-05,0.11247181334708145,0.8875281866529185,Down,Up
2009-10-06,0.10745707451971931,0.8925429254802807,Down,Down
2009-10-07,0.11454422214499882,0.8854557778550012,Down,Up
2009-10-08,0.11090296693007207,0.8890970330699279,Down,Up
2009-10-09,0.12125546390472275,0.8787445360952773,Down,Up
2009-10-12,0.10328904016666907,0.8967109598333309,Down,Up
2009-10-14,0.09763472487209768,0.9023652751279023,Down,Down
2009-10-15,0.0990654137563095,0.9009345862436905,Down,Down
2009-10-16,0.09427434978198157,0.9057256502180184,Down,Down
2009-10-17,0.09436530111291697,0.905634698887083,Down,Down
2009-10-20,0.09906556987000359,0.9009344301299964,Down,Up
2009-10-21,0.10709427942888716,0.8929057205711128,Down,Up
2009-10-22,0.1171250092813596,0.8828749907186404,Down,Up
2009-10-23,0.1270303631331977,0.8729696368668023,Down,Up
2009-10-26,0.13673231956714416,0.8632676804328558,Down,Up
2009-10-27,0.1615732055552026,0.8384267944447974,Down,Up
2009-10-28,0.16607243838303298,0.833927561616967,Down,Up
2009-10-29,0.18321520754649512,0.8167847924535049,Down,Up
2009-10-30,0.21450791506004196,0.785492084939958,Down,Up
2009-11-03,0.255543920687782,0.744456079312218,Down,Up
2009-11-04,0.21459986398572928,0.7854001360142707,Down,Up
2009-11-05,0.20110191234095454,0.7988980876590455,Down,Up
2009-11-06,0.18076157094365009,0.8192384290563499,Down,Up
2009-11-09,0.15806839746734547,0.8419316025326545,Down,Up
2009-11-10,0.16154876338296364,0.8384512366170364,Down,Up
2009-11-11,0.12564561799935214,0.8743543820006479,Down,Up
2009-11-12,0.13483389781327815,0.8651661021867219,Down,Up
2009-11-13,0.12663176382617158,0.8733682361738284,Down,Up
2009-11-16,0.1165136260831865,0.8834863739168135,Down,Up
2009-11-17,0.11586398807022946,0.8841360119297705,Down,Up
2009-11-18,0.11707739702075237,0.8829226029792476,Down,Up
2009-11-19,0.12861374089004718,0.8713862591099528,Down,Up
2009-11-20,0.11763457935987598,0.882365420640124,Down,Up
2009-11-23,0.10923747012965035,0.8907625298703497,Down,Up
2009-11-24,0.11150401066892934,0.8884959893310707,Down,Up
2009-11-25,0.10869630802175001,0.89130369197825,Down,Up
2009-11-26,0.12628723807381925,0.8737127619261807,Down,Up
2009-11-27,0.138037919785029,0.861962080214971,Down,Up
2009-11-30,0.12170150884703701,0.878298491152963,Down,Up
2009-12-01,0.10691343292579636,0.8930865670742036,Down,Up
2009-12-02,0.10699484590710862,0.8930051540928914,Down,Up
2009-12-03,0.10570186252300262,0.8942981374769974,Down,Up
2009-12-04,0.10932271331431487,0.8906772866856851,Down,Up
2009-12-07,0.11643932215470443,0.8835606778452956,Down,Up
2009-12-08,0.10219036996388065,0.8978096300361194,Down,Down
2009-12-09,0.10782073609105147,0.8921792639089485,Down,Down
2009-12-10,0.10442008246383949,0.8955799175361605,Down,Down
2009-12-11,0.10697029291513294,0.8930297070848671,Down,Down
2009-12-14,0.10886760669469409,0.8911323933053059,Down,Down
2009-12-15,0.12126277213505432,0.8787372278649457,Down,Down
2009-12-16,0.11980167330009828,0.8801983266999017,Down,Down
2009-12-17,0.11990606246479585,0.8800939375352042,Down,Down
2009-12-18,0.12952118889259134,0.8704788111074087,Down,Down
2009-12-21,0.13629591704694155,0.8637040829530584,Down,Down
2009-12-22,0.13010575907378064,0.8698942409262194,Down,Down
2009-12-23,0.10348446159110014,0.8965155384088999,Down,Down
2009-12-24,0.09818408672106282,0.9018159132789372,Down,Down
2009-12-29,0.0969953932990344,0.9030046067009656,Down,Down
2009-12-30,0.0997444776954941,0.9002555223045059,Down,Down
2009-12-31,0.09524715822150132,0.9047528417784987,Down,Down
2010-01-04,0.09095015647350357,0.9090498435264964,Down,Down
2010-01-05,0.08329372175712513,0.9167062782428749,Down,Down
2010-01-06,0.08284355133929278,0.9171564486607072,Down,Down
2010-01-07,0.08528250289385952,0.9147174971061405,Down,Down
2010-01-08,0.08775944931734236,0.9122405506826576,Down,Down
2010-01-11,0.08727792922827704,0.912722070771723,Down,Down
2010-01-12,0.09254949995235173,0.9074505000476483,Down,Down
2010-01-13,0.08956915542716115,0.9104308445728388,Down,Down
2010-01-14,0.08610851495133431,0.9138914850486657,Down,Down
2010-01-15,0.08739293151828353,0.9126070684817165,Down,Down
2010-01-18,0.08427936145224446,0.9157206385477555,Down,Down
2010-01-19,0.09095495681820909,0.9090450431817909,Down,Down
2010-01-20,0.10033931768346172,0.8996606823165383,Down,Down
2010-01-21,0.12052264526305956,0.8794773547369404,Down,Up
2010-01-22,0.13093597925743994,0.8690640207425601,Down,Up
2010-01-25,0.15466319193826095,0.845336808061739,Down,Up
2010-01-27,0.18841334257038456,0.8115866574296154,Down,Up
2010-01-28,0.18522559424427643,0.8147744057557236,Down,Up
2010-01-29,0.19016118506931834,0.8098388149306817,Down,Up
2010-02-01,0.18641042206434666,0.8135895779356533,Down,Up
2010-02-02,0.20307621224620243,0.7969237877537976,Down,Up
2010-02-03,0.17911514940196893,0.8208848505980311,Down,Up
2010-02-04,0.19921906703457903,0.800780932965421,Down,Up
2010-02-05,0.23901297810068545,0.7609870218993146,Down,Up
2010-02-06,0.2282993660245345,0.7717006339754655,Down,Up
2010-02-08,0.2277192789670499,0.7722807210329501,Down,Up
2010-02-09,0.21921657985912235,0.7807834201408776,Down,Up
2010-02-10,0.22843621516313395,0.771563784836866,Down,Up
2010-02-11,0.2103910914844419,0.7896089085155581,Down,Up
2010-02-15,0.2169534901856367,0.7830465098143633,Down,Up
2010-02-16,0.2035300090947273,0.7964699909052727,Down,Up
2010-02-17,0.1896421201369255,0.8103578798630745,Down,Up
2010-02-18,0.19571704227186282,0.8042829577281372,Down,Up
2010-02-19,0.20656145461066722,0.7934385453893328,Down,Up
2010-02-22,0.20372902232985202,0.796270977670148,Down,Up
2010-02-23,0.20035668737668677,0.7996433126233132,Down,Up
2010-02-24,0.2032397381320682,0.7967602618679318,Down,Up
2010-02-25,0.20270308731010445,0.7972969126898956,Down,Up
2010-02-26,0.1954518533001498,0.8045481466998502,Down,Up
2010-03-02,0.17371428406077238,0.8262857159392276,Down,Up
2010-03-03,0.15898725608036335,0.8410127439196367,Down,Up
2010-03-04,0.16100337605746617,0.8389966239425338,Down,Up
2010-03-05,0.15913307361404216,0.8408669263859578,Down,Up
2010-03-08,0.15128300321010013,0.8487169967898999,Down,Up
2010-03-09,0.1559637840328837,0.8440362159671163,Down,Up
2010-03-10,0.1527704510208121,0.8472295489791879,Down,Up
2010-03-11,0.14967061178948549,0.8503293882105145,Down,Up
2010-03-12,0.14883901234877894,0.8511609876512211,Down,Up
2010-03-15,0.1506904125577101,0.8493095874422899,Down,Up
2010-03-16,0.13756926425380844,0.8624307357461916,Down,Up
2010-03-17,0.131784054216999,0.868215945783001,Down,Down
2010-03-18,0.12939278127901943,0.8706072187209806,Down,Down
2010-03-19,0.12665798358375824,0.8733420164162418,Down,Down
2010-03-22,0.13662541197540212,0.8633745880245979,Down,Down
2010-03-23,0.13335672746483096,0.866643272535169,Down,Down
2010-03-25,0.12730781973632954,0.8726921802636705,Down,Down
2010-03-26,0.12382654737144905,0.876173452628551,Down,Down
2010-03-29,0.12043692304689091,0.8795630769531091,Down,Down
2010-03-30,0.1271839167579618,0.8728160832420382,Down,Down
2010-03-31,0.12967374480890648,0.8703262551910935,Down,Down
2010-04-01,0.12219753246643461,0.8778024675335654,Down,Down
2010-04-05,0.11001571443491232,0.8899842855650877,Down,Down
2010-04-06,0.11047507716511595,0.889524922834884,Down,Down
2010-04-07,0.10915284041609441,0.8908471595839056,Down,Down
2010-04-08,0.1064255166066741,0.8935744833933259,Down,Down
2010-04-09,0.09810904918758179,0.9018909508124182,Down,Down
2010-04-12,0.1015250802667732,0.8984749197332268,Down,Down
2010-04-13,0.10397002989208981,0.8960299701079102,Down,Down
2010-04-15,0.11141083254894779,0.8885891674510522,Down,Down
2010-04-16,0.11333695124291121,0.8866630487570888,Down,Down
2010-04-19,0.12089066930674885,0.8791093306932511,Down,Down
2010-04-20,0.11608666631956588,0.8839133336804341,Down,Down
2010-04-21,0.11359172031051568,0.8864082796894843,Down,Down
2010-04-22,0.11006887925851949,0.8899311207414805,Down,Down
2010-04-23,0.10492524709511963,0.8950747529048804,Down,Down
2010-04-26,0.10231793372638576,0.8976820662736142,Down,Down
2010-04-27,0.1265597325632719,0.8734402674367281,Down,Down
2010-04-28,0.14333229389108604,0.856667706108914,Down,Down
2010-04-29,0.13611609616752618,0.8638839038324738,Down,Down
2010-04-30,0.13328983498445923,0.8667101650155408,Down,Down
2010-05-03,0.14312129163343856,0.8568787083665614,Down,Down
2010-05-04,0.15769331517173513,0.8423066848282649,Down,Up
2010-05-05,0.16254035462280658,0.8374596453771934,Down,Up
2010-05-06,0.16940220816884277,0.8305977918311572,Down,Up
2010-05-07,0.1853709800405665,0.8146290199594335,Down,Up
2010-05-10,0.1496321040407793,0.8503678959592207,Down,Up
2010-05-11,0.16086855174656312,0.8391314482534369,Down,Up
2010-05-12,0.15667707864175573,0.8433229213582443,Down,Up
2010-05-13,0.1525714933279363,0.8474285066720637,Down,Up
2010-05-14,0.18204907345348897,0.817950926546511,Down,Up
2010-05-17,0.18954836334331204,0.810451636656688,Down,Up
2010-05-18,0.18852066552645697,0.811479334473543,Down,Up
2010-05-19,0.22342411427609676,0.7765758857239032,Down,Up
2010-05-20,0.21625909578923186,0.7837409042107681,Down,Up
2010-05-21,0.22050513022316454,0.7794948697768355,Down,Up
2010-05-24,0.21755584502776704,0.782444154972233,Down,Up
2010-05-25,0.2534765693918216,0.7465234306081784,Down,Up
2010-05-26,0.2242423141055636,0.7757576858944364,Down,Up
2010-05-27,0.203111624094527,0.796888375905473,Down,Up
2010-05-28,0.18454011775545298,0.815459882244547,Down,Up
2010-05-31,0.18040279479322574,0.8195972052067743,Down,Up
2010-06-01,0.20730201794662317,0.7926979820533768,Down,Up
2010-06-02,0.19549092376486887,0.8045090762351311,Down,Up
2010-06-03,0.17542862685716165,0.8245713731428383,Down,Up
2010-06-04,0.1704447211578365,0.8295552788421635,Down,Up
2010-06-07,0.1907915405237357,0.8092084594762643,Down,Up
2010-06-08,0.20186096963042333,0.7981390303695767,Down,Up
2010-06-09,0.1985581762951273,0.8014418237048727,Down,Up
2010-06-10,0.18081796993804677,0.8191820300619532,Down,Up
2010-06-11,0.17372571156983274,0.8262742884301673,Down,Up
2010-06-14,0.1577102102387371,0.8422897897612629,Down,Up
2010-06-15,0.15311138126743762,0.8468886187325624,Down,Up
2010-06-16,0.15091009201138772,0.8490899079886123,Down,Up
2010-06-17,0.14340463526379132,0.8565953647362087,Down,Up
2010-06-18,0.14565054336878347,0.8543494566312165,Down,Up
2010-06-21,0.1296662358417462,0.8703337641582538,Down,Up
2010-06-22,0.13592598334824268,0.8640740166517573,Down,Up
2010-06-23,0.1351608794610344,0.8648391205389656,Down,Up
2010-06-24,0.13568493740535414,0.8643150625946459,Down,Up
2010-06-25,0.14474055594097834,0.8552594440590217,Down,Up
2010-06-28,0.13331768767813212,0.8666823123218679,Down,Up
2010-06-29,0.1475747754690767,0.8524252245309233,Down,Up
2010-06-30,0.13721115936481854,0.8627888406351815,Down,Up
2010-07-01,0.14861602450194655,0.8513839754980534,Down,Up
2010-07-02,0.1513897578247665,0.8486102421752335,Down,Up
2010-07-05,0.15147895688892388,0.8485210431110761,Down,Up
2010-07-06,0.14176163327308966,0.8582383667269103,Down,Up
2010-07-07,0.15068009573635965,0.8493199042636403,Down,Up
2010-07-08,0.14061699382263837,0.8593830061773616,Down,Up
2010-07-09,0.13069732495260755,0.8693026750473924,Down,Up
2010-07-12,0.1251819509870178,0.8748180490129822,Down,Up
2010-07-13,0.12253485814203224,0.8774651418579678,Down,Up
2010-07-14,0.12494394237450446,0.8750560576254955,Down,Up
2010-07-15,0.1262092216383064,0.8737907783616936,Down,Up
2010-07-16,0.12354764870223067,0.8764523512977693,Down,Up
2010-07-19,0.12363004387688126,0.8763699561231187,Down,Up
2010-07-20,0.12686115282275945,0.8731388471772406,Down,Up
2010-07-21,0.12188719853121022,0.8781128014687898,Down,Up
2010-07-22,0.11855553911916739,0.8814444608808326,Down,Up
2010-07-23,0.11752394321459136,0.8824760567854086,Down,Up
2010-07-26,0.12722552846743396,0.872774471532566,Down,Up
2010-07-27,0.12530314480687688,0.8746968551931231,Down,Up
2010-07-28,0.1309767406347775,0.8690232593652225,Down,Up
2010-07-29,0.12904020636654256,0.8709597936334574,Down,Up
2010-07-30,0.136498175262724,0.863501824737276,Down,Up
2010-08-02,0.11320885975426953,0.8867911402457305,Down,Up
2010-08-03,0.11185432068963785,0.8881456793103621,Down,Up
2010-08-04,0.1076962161092434,0.8923037838907566,Down,Up
2010-08-05,0.11097017612273996,0.88902982387726,Down,Up
2010-08-06,0.11210455902081318,0.8878954409791868,Down,Up
2010-08-09,0.11043279058312017,0.8895672094168798,Down,Up
2010-08-10,0.1144611660898659,0.8855388339101341,Down,Up
2010-08-11,0.12087896038731127,0.8791210396126887,Down,Up
2010-08-12,0.12137215992916106,0.8786278400708389,Down,Up
2010-08-13,0.11582254603388864,0.8841774539661114,Down,Up
2010-08-16,0.11962341878075033,0.8803765812192497,Down,Up
2010-08-17,0.12007821111832184,0.8799217888816782,Down,Up
2010-08-18,0.11031475222904463,0.8896852477709554,Down,Up
2010-08-19,0.10149443097459365,0.8985055690254063,Down,Up
2010-08-20,0.1029245817875577,0.8970754182124423,Down,Up
2010-08-23,0.1013535665736669,0.8986464334263331,Down,Up
2010-08-24,0.10685902065569386,0.8931409793443061,Down,Up
2010-08-25,0.1122078468388994,0.8877921531611006,Down,Up
2010-08-26,0.10980326400623197,0.890196735993768,Down,Up
2010-08-27,0.12048766746143036,0.8795123325385696,Down,Up
2010-08-30,0.11982578041336778,0.8801742195866322,Down,Up
2010-08-31,0.12181018772197749,0.8781898122780225,Down,Up
2010-09-01,0.11120586450601622,0.8887941354939838,Down,Up
2010-09-02,0.10917411122370035,0.8908258887762996,Down,Up
2010-09-03,0.11033066084699428,0.8896693391530057,Down,Up
2010-09-06,0.096675032792779,0.903324967207221,Down,Up
2010-09-07,0.09302803186247921,0.9069719681375208,Down,Up
2010-09-08,0.09281247074111554,0.9071875292588845,Down,Up
2010-09-09,0.08870491030052607,0.9112950896994739,Down,Up
2010-09-13,0.07265205841682587,0.9273479415831741,Down,Up
2010-09-14,0.06906021207466417,0.9309397879253358,Down,Up
2010-09-15,0.06290057586667852,0.9370994241333215,Down,Up
2010-09-16,0.06597261914413921,0.9340273808558608,Down,Up
2010-09-17,0.06091037902013885,0.9390896209798612,Down,Up
2010-09-20,0.052640144103526465,0.9473598558964735,Down,Up
2010-09-21,0.05049262090310336,0.9495073790968966,Down,Up
2010-09-22,0.0521025837921778,0.9478974162078222,Down,Up
2010-09-23,0.05476046999320028,0.9452395300067997,Down,Up
2010-09-24,0.05008809545973669,0.9499119045402633,Down,Up
2010-09-27,0.048926784329609285,0.9510732156703907,Down,Up
2010-09-28,0.049592149855032464,0.9504078501449675,Down,Up
2010-09-29,0.05268597286585219,0.9473140271341478,Down,Up
2010-09-30,0.04962756527604095,0.950372434723959,Down,Up
2010-10-01,0.0483005287150049,0.9516994712849951,Down,Down
2010-10-04,0.04718270888916165,0.9528172911108383,Down,Down
2010-10-05,0.048356126187261594,0.9516438738127384,Down,Down
2010-10-06,0.04551845080969308,0.9544815491903069,Down,Down
2010-10-07,0.05059561273848456,0.9494043872615154,Down,Down
2010-10-08,0.05202104082864589,0.9479789591713541,Down,Down
2010-10-11,0.04954229450462255,0.9504577054953774,Down,Down
2010-10-12,0.05321072701636975,0.9467892729836302,Down,Down
2010-10-13,0.0429249956453972,0.9570750043546028,Down,Down
2010-10-14,0.0468711615956261,0.9531288384043739,Down,Down
2010-10-15,0.05593426504219745,0.9440657349578025,Down,Down
2010-10-18,0.05870979624430972,0.9412902037556903,Down,Down
2010-10-19,0.06311326798788808,0.9368867320121119,Down,Down
2010-10-20,0.06732381176696967,0.9326761882330303,Down,Up
2010-10-21,0.05677752331599839,0.9432224766840016,Down,Down
2010-10-22,0.059985997146442704,0.9400140028535573,Down,Down
2010-10-25,0.056578224704680435,0.9434217752953196,Down,Down
2010-10-26,0.06127674174580999,0.93872325825419,Down,Down
2010-10-27,0.06792983894900062,0.9320701610509994,Down,Down
2010-10-28,0.07040469961552365,0.9295953003844764,Down,Down
2010-10-29,0.06766050807362167,0.9323394919263783,Down,Down
2010-11-01,0.058734425176200755,0.9412655748237992,Down,Down
2010-11-02,0.05863763526273247,0.9413623647372675,Down,Down
2010-11-03,0.055323614865959936,0.9446763851340401,Down,Down
2010-11-04,0.05216823102747137,0.9478317689725286,Down,Down
2010-11-05,0.05006452298573216,0.9499354770142678,Down,Down
2010-11-08,0.053158352997760616,0.9468416470022394,Down,Down
2010-11-09,0.05102162500911933,0.9489783749908807,Down,Down
2010-11-10,0.05319561069728862,0.9468043893027114,Down,Down
2010-11-11,0.05990210457569045,0.9400978954243095,Down,Down
2010-11-12,0.07107999979830293,0.9289200002016971,Down,Down
2010-11-15,0.07695238282421135,0.9230476171757886,Down,Down
2010-11-16,0.09174687099493606,0.9082531290050639,Down,Up
2010-11-18,0.09068196940173734,0.9093180305982627,Down,Up
2010-11-19,0.10416014712615596,0.895839852873844,Down,Up
2010-11-22,0.08853307600710802,0.911466923992892,Down,Up
2010-11-23,0.0973286380710845,0.9026713619289155,Down,Up
2010-11-24,0.1064669770701494,0.8935330229298506,Down,Up
2010-11-25,0.11552902927261699,0.884470970727383,Down,Up
2010-11-26,0.1225445266235492,0.8774554733764508,Down,Up
2010-11-29,0.11180203777177611,0.8881979622282239,Down,Down
2010-11-30,0.1074601341165935,0.8925398658834065,Down,Up
2010-12-01,0.09504377787523532,0.9049562221247647,Down,Down
2010-12-02,0.08977837202938099,0.910221627970619,Down,Down
2010-12-03,0.09192579876025131,0.9080742012397487,Down,Down
2010-12-06,0.09231462741477126,0.9076853725852287,Down,Down
2010-12-07,0.09420545929602353,0.9057945407039765,Down,Down
2010-12-08,0.10342813974974341,0.8965718602502566,Down,Down
2010-12-09,0.12274588358917882,0.8772541164108212,Down,Down
2010-12-10,0.1096031172963764,0.8903968827036236,Down,Down
2010-12-13,0.10207146152380875,0.8979285384761913,Down,Down
2010-12-14,0.09770333549135923,0.9022966645086408,Down,Down
2010-12-15,0.10452961605700617,0.8954703839429938,Down,Down
2010-12-16,0.09727923426236063,0.9027207657376394,Down,Down
2010-12-20,0.09767280925217148,0.9023271907478285,Down,Down
2010-12-21,0.09112319218540366,0.9088768078145963,Down,Down
2010-12-22,0.0932880904647162,0.9067119095352838,Down,Down
2010-12-23,0.09399739775123628,0.9060026022487637,Down,Down
2010-12-24,0.09024251485021528,0.9097574851497847,Down,Down
2010-12-27,0.09180981743832373,0.9081901825616763,Down,Down
2010-12-28,0.09218355085346364,0.9078164491465364,Down,Down
2010-12-29,0.08483265273118246,0.9151673472688175,Down,Down
2010-12-30,0.08059397761689535,0.9194060223831046,Down,Down
2010-12-31,0.07729178339922282,0.9227082166007772,Down,Down
2011-01-03,0.07510557025570741,0.9248944297442926,Down,Down
2011-01-04,0.07621956165573596,0.923780438344264,Down,Down
2011-01-05,0.08344616167597452,0.9165538383240255,Down,Down
2011-01-06,0.0868803020763611,0.9131196979236389,Down,Down
2011-01-07,0.10462291213072761,0.8953770878692724,Down,Down
2011-01-10,0.1239725182163034,0.8760274817836966,Down,Down
2011-01-11,0.12519079030113534,0.8748092096988647,Down,Down
2011-01-12,0.10986401091479603,0.890135989085204,Down,Down
2011-01-13,0.12764277170346872,0.8723572282965313,Down,Down
2011-01-14,0.1445456369132344,0.8554543630867656,Down,Down
2011-01-17,0.14461961870313966,0.8553803812968603,Down,Down
2011-01-18,0.1380985087375517,0.8619014912624483,Down,Down
2011-01-19,0.14433965931029924,0.8556603406897008,Down,Down
2011-01-20,0.1410996238032357,0.8589003761967643,Down,Down
2011-01-21,0.14872610604092174,0.8512738939590783,Down,Down
2011-01-24,0.15537374047942032,0.8446262595205797,Down,Down
2011-01-25,0.16919820141106312,0.8308017985889369,Down,Down
2011-01-27,0.18493060889859825,0.8150693911014018,Down,Down
2011-01-28,0.20660029821890857,0.7933997017810914,Down,Up
2011-01-31,0.2161329205935485,0.7838670794064515,Down,Down
2011-02-01,0.23728146948730866,0.7627185305126913,Down,Up
2011-02-02,0.23129139565817625,0.7687086043418238,Down,Up
2011-02-03,0.21061599128894481,0.7893840087110552,Down,Down
2011-02-04,0.23921138888878501,0.760788611111215,Down,Down
2011-02-07,0.2380272995108076,0.7619727004891924,Down,Up
2011-02-08,0.25937746767599534,0.7406225323240047,Down,Up
2011-02-09,0.27453480863330015,0.7254651913666998,Down,Up
2011-02-10,0.28201674256330633,0.7179832574366937,Down,Up
2011-02-11,0.2600765914728894,0.7399234085271106,Down,Up
2011-02-14,0.22795674232280116,0.7720432576771988,Down,Up
2011-02-15,0.22217358037068224,0.7778264196293178,Down,Up
2011-02-16,0.22279885308887937,0.7772011469111206,Down,Up
2011-02-17,0.20921233947189566,0.7907876605281043,Down,Up
2011-02-18,0.22810917231043681,0.7718908276895632,Down,Up
2011-02-21,0.21488465842408055,0.7851153415759194,Down,Up
2011-02-22,0.22583754750867613,0.7741624524913239,Down,Up
2011-02-23,0.23061681990766536,0.7693831800923346,Down,Up
2011-02-24,0.2729980353730509,0.7270019646269491,Down,Up
2011-02-25,0.26244115743172913,0.7375588425682709,Down,Up
2011-02-28,0.2553811536580297,0.7446188463419703,Down,Up
2011-03-01,0.21224726007529204,0.787752739924708,Down,Up
2011-03-03,0.2089146388686649,0.7910853611313351,Down,Up
2011-03-04,0.2084157299570888,0.7915842700429112,Down,Up
2011-03-07,0.22492812593587397,0.775071874064126,Down,Up
2011-03-08,0.21236686187399256,0.7876331381260074,Down,Up
2011-03-09,0.21017985710987874,0.7898201428901213,Down,Up
2011-03-10,0.21813068931778634,0.7818693106822137,Down,Up
2011-03-11,0.2292238218582956,0.7707761781417044,Down,Up
2011-03-14,0.21031896400094074,0.7896810359990593,Down,Up
2011-03-15,0.22811623977682083,0.7718837602231792,Down,Up
2011-03-16,0.21485968483513207,0.7851403151648679,Down,Up
2011-03-17,0.22877996334818906,0.7712200366518109,Down,Up
2011-03-18,0.24583288445436202,0.754167115545638,Down,Up
2011-03-21,0.24840099374546043,0.7515990062545396,Down,Up
2011-03-22,0.23668497175084413,0.7633150282491559,Down,Up
2011-03-23,0.22132248645955266,0.7786775135404473,Down,Up
2011-03-24,0.21225411846877162,0.7877458815312284,Down,Up
2011-03-25,0.19539723887052496,0.804602761129475,Down,Down
2011-03-28,0.1886531823868306,0.8113468176131694,Down,Down
2011-03-29,0.17960908210850146,0.8203909178914985,Down,Down
2011-03-30,0.1699061641958547,0.8300938358041453,Down,Down
2011-03-31,0.16200831186516773,0.8379916881348323,Down,Down
2011-04-01,0.1634541011513989,0.8365458988486011,Down,Down
2011-04-04,0.14922421366157357,0.8507757863384264,Down,Down
2011-04-05,0.14928532036318187,0.8507146796368181,Down,Down
2011-04-06,0.15241017528598766,0.8475898247140123,Down,Down
2011-04-07,0.15333570738951685,0.8466642926104831,Down,Down
2011-04-08,0.16057485841463426,0.8394251415853657,Down,Down
2011-04-11,0.17093677546261332,0.8290632245373867,Down,Down
2011-04-13,0.14956719354697812,0.8504328064530219,Down,Down
2011-04-15,0.16818490998685087,0.8318150900131491,Down,Down
2011-04-18,0.18590972362651836,0.8140902763734816,Down,Down
2011-04-19,0.18646874924110368,0.8135312507588963,Down,Down
2011-04-20,0.16645364980184563,0.8335463501981544,Down,Down
2011-04-21,0.16097417553612736,0.8390258244638726,Down,Down
2011-04-25,0.17226329161997533,0.8277367083800247,Down,Down
2011-04-26,0.17377371985013756,0.8262262801498624,Down,Down
2011-04-27,0.17970495048309076,0.8202950495169092,Down,Down
2011-04-28,0.1888685732036225,0.8111314267963775,Down,Down
2011-04-29,0.20211967587747848,0.7978803241225215,Down,Down
2011-05-02,0.2115434928844102,0.7884565071155898,Down,Down
2011-05-03,0.2539756582934425,0.7460243417065575,Down,Down
2011-05-04,0.26258001345432425,0.7374199865456758,Down,Down
2011-05-05,0.2843907569562557,0.7156092430437443,Down,Down
2011-05-06,0.25639053397843914,0.7436094660215609,Down,Down
2011-05-09,0.25751933415643,0.74248066584357,Down,Down
2011-05-10,0.26181000538596966,0.7381899946140303,Down,Down
2011-05-11,0.2541411893780696,0.7458588106219304,Down,Down
2011-05-12,0.2796807106846362,0.7203192893153638,Down,Down
2011-05-13,0.2634588535262592,0.7365411464737408,Down,Down
2011-05-16,0.2810778667213707,0.7189221332786293,Down,Up
2011-05-17,0.3011238442473785,0.6988761557526215,Down,Up
2011-05-18,0.2996021775359554,0.7003978224640446,Down,Up
2011-05-19,0.2981259058261061,0.7018740941738939,Down,Up
2011-05-20,0.2862313794572221,0.7137686205427779,Down,Up
2011-05-23,0.32269863294501155,0.6773013670549884,Down,Up
2011-05-24,0.32569754706687715,0.6743024529331229,Down,Up
2011-05-25,0.3425893970826521,0.6574106029173479,Down,Up
2011-05-26,0.32152762566726234,0.6784723743327377,Down,Up
2011-05-27,0.29403731756963836,0.7059626824303616,Down,Up
2011-05-30,0.29513724849204537,0.7048627515079546,Down,Up
2011-05-31,0.27139927752284687,0.7286007224771531,Down,Down
2011-06-01,0.2616887824087749,0.7383112175912251,Down,Down
2011-06-02,0.2751225489131779,0.7248774510868221,Down,Up
2011-06-03,0.2855352884492248,0.7144647115507752,Down,Up
2011-06-06,0.2805513674570813,0.7194486325429187,Down,Up
2011-06-07,0.27312773355363007,0.7268722664463699,Down,Up
2011-06-08,0.28260553426788126,0.7173944657321187,Down,Up
2011-06-09,0.28448204573640024,0.7155179542635998,Down,Up
2011-06-10,0.29597762519225257,0.7040223748077474,Down,Up
2011-06-13,0.297049089700558,0.702950910299442,Down,Up
2011-06-14,0.29192661991157953,0.7080733800884205,Down,Up
2011-06-15,0.3089364861746592,0.6910635138253408,Down,Up
2011-06-16,0.32650125161576216,0.6734987483842378,Down,Up
2011-06-17,0.33691521330494967,0.6630847866950503,Down,Up
2011-06-20,0.37566440651758004,0.62433559348242,Down,Up
2011-06-21,0.3698189342183661,0.6301810657816339,Down,Up
2011-06-22,0.3719427888336577,0.6280572111663423,Down,Up
2011-06-23,0.35740258306082784,0.6425974169391722,Down,Up
2011-06-24,0.30521781701751505,0.694782182982485,Down,Down
2011-06-27,0.2867827523545555,0.7132172476454445,Down,Down
2011-06-28,0.2817364439845571,0.7182635560154429,Down,Down
2011-06-29,0.2640825797109947,0.7359174202890053,Down,Down
2011-06-30,0.25029398063510877,0.7497060193648912,Down,Down
2011-07-01,0.25610289690709565,0.7438971030929044,Down,Down
2011-07-04,0.24975788075692829,0.7502421192430717,Down,Down
2011-07-05,0.25558373416816105,0.744416265831839,Down,Down
2011-07-06,0.25734783661734684,0.7426521633826532,Down,Down
2011-07-07,0.22736031689882863,0.7726396831011714,Down,Down
2011-07-08,0.24701924809479103,0.752980751905209,Down,Down
2011-07-11,0.26352560844573947,0.7364743915542605,Down,Down
2011-07-12,0.2964624118404844,0.7035375881595156,Down,Down
2011-07-13,0.2773413121484444,0.7226586878515556,Down,Down
2011-07-14,0.27405087373148795,0.725949126268512,Down,Down
2011-07-15,0.2827397503902003,0.7172602496097997,Down,Down
2011-07-18,0.2872271844169677,0.7127728155830323,Down,Down
2011-07-19,0.27267408613110033,0.7273259138688997,Down,Down
2011-07-20,0.29280560477155815,0.7071943952284419,Down,Down
2011-07-21,0.3009650768538472,0.6990349231461528,Down,Down
2011-07-22,0.2729894275705056,0.7270105724294944,Down,Down
2011-07-25,0.2613068942976433,0.7386931057023567,Down,Down
2011-07-26,0.3040696688525357,0.6959303311474643,Down,Down
2011-07-27,0.3160827829264904,0.6839172170735096,Down,Down
2011-07-28,0.33773600234507595,0.662263997654924,Down,Down
2011-07-29,0.3474381556316851,0.6525618443683149,Down,Down
2011-08-01,0.34274821933673527,0.6572517806632647,Down,Down
2011-08-02,0.36324016817323423,0.6367598318267658,Down,Down
2011-08-03,0.3811465937809554,0.6188534062190446,Down,Down
2011-08-04,0.4044838327501802,0.5955161672498198,Down,Down
2011-08-05,0.44920804427642347,0.5507919557235765,Down,Down
2011-08-08,0.4830888927190403,0.5169111072809597,Down,Down
2011-08-09,0.504413542441235,0.49558645755876496,Up,Down
2011-08-10,0.47029487415419724,0.5297051258458028,Down,Down
2011-08-11,0.4798955985588522,0.5201044014411478,Down,Down
2011-08-12,0.5043942108813402,0.4956057891186598,Up,Down
2011-08-16,0.5183207330855375,0.4816792669144625,Up,Down
2011-08-17,0.5032796226448409,0.49672037735515906,Up,Down
2011-08-18,0.5460640016957579,0.45393599830424214,Up,Down
2011-08-19,0.5843208254062406,0.4156791745937594,Up,Down
2011-08-22,0.5641021683730234,0.4358978316269766,Up,Down
2011-08-23,0.5437889840071582,0.45621101599284175,Up,Down
2011-08-24,0.5672111564094039,0.4327888435905961,Up,Up
2011-08-25,0.5862433438922519,0.41375665610774814,Up,Up
2011-08-26,0.6207894617373525,0.3792105382626475,Up,Up
2011-08-29,0.5552402367614486,0.4447597632385514,Up,Up
2011-08-30,0.5241520554530797,0.47584794454692025,Up,Up
2011-09-02,0.5091805665807416,0.4908194334192584,Up,Up
2011-09-05,0.5177065381667084,0.4822934618332916,Up,Up
2011-09-06,0.499467835705945,0.500532164294055,Down,Up
2011-09-07,0.4759781477777282,0.5240218522222718,Down,Down
2011-09-08,0.4653666045093203,0.5346333954906797,Down,Down
2011-09-09,0.501656381236582,0.49834361876341804,Up,Up
2011-09-12,0.5445625342186124,0.45543746578138755,Up,Up
2011-09-13,0.546649904220809,0.45335009577919105,Up,Up
2011-09-14,0.5187325267149381,0.4812674732850619,Up,Up
2011-09-15,0.49404250598841526,0.5059574940115847,Down,Up
2011-09-16,0.4908050716115382,0.5091949283884618,Down,Up
2011-09-19,0.5111949973656235,0.48880500263437654,Up,Up
2011-09-20,0.46942854227807607,0.5305714577219239,Down,Up
2011-09-21,0.47154521537700456,0.5284547846229954,Down,Up
2011-09-22,0.5530725164949093,0.4469274835050907,Up,Up
2011-09-23,0.5744019389370054,0.4255980610629946,Up,Up
2011-09-26,0.5871049592076139,0.4128950407923862,Up,Up
2011-09-27,0.5346520626187238,0.4653479373812762,Up,Up
2011-09-28,0.5443164116654488,0.45568358833455125,Up,Up
2011-09-29,0.5173488257687238,0.4826511742312762,Up,Up
2011-09-30,0.5452922697366971,0.4547077302633029,Up,Down
2011-10-03,0.5816781180217568,0.41832188197824316,Up,Up
2011-10-04,0.6112110272123523,0.3887889727876477,Up,Up
2011-10-05,0.6184343917509161,0.3815656082490839,Up,Up
2011-10-07,0.566446226054063,0.433553773945937,Up,Down
2011-10-10,0.5255565132130646,0.47444348678693543,Up,Down
2011-10-11,0.5277194560019157,0.4722805439980843,Up,Down
2011-10-12,0.48252700450344166,0.5174729954965583,Down,Down
2011-10-13,0.49109907252605167,0.5089009274739483,Down,Down
2011-10-14,0.46967143964831315,0.5303285603516869,Down,Down
2011-10-17,0.4750413533354484,0.5249586466645516,Down,Down
2011-10-18,0.5288209466163778,0.47117905338362226,Up,Up
2011-10-19,0.49003858470527484,0.5099614152947252,Down,Down
2011-10-20,0.5137163960659645,0.48628360393403547,Up,Down
2011-10-21,0.5298821236247354,0.4701178763752646,Up,Down
2011-10-24,0.5180056391531311,0.48199436084686886,Up,Down
2011-10-25,0.486770633958691,0.513229366041309,Down,Down
2011-10-26,0.48247497924486826,0.5175250207551317,Down,Down
2011-10-28,0.41891956523850316,0.5810804347614968,Down,Down
2011-10-31,0.43254352396347506,0.5674564760365249,Down,Down
2011-11-01,0.41792813782492433,0.5820718621750757,Down,Down
2011-11-02,0.4180054698035274,0.5819945301964726,Down,Down
2011-11-03,0.4159513340478267,0.5840486659521733,Down,Down
2011-11-04,0.40054326239538107,0.5994567376046189,Down,Down
2011-11-08,0.41086107362451285,0.5891389263754871,Down,Down
2011-11-09,0.44553349348139215,0.5544665065186078,Down,Down
2011-11-11,0.46368411008136734,0.5363158899186327,Down,Down
2011-11-14,0.46579553296175236,0.5342044670382476,Down,Down
2011-11-15,0.49156585623243143,0.5084341437675686,Down,Down
2011-11-16,0.5067051275916219,0.4932948724083781,Up,Down
2011-11-17,0.5434185669129741,0.456581433087026,Up,Down
2011-11-18,0.5552450711165795,0.44475492888342055,Up,Down
2011-11-21,0.6044031321550084,0.3955968678449916,Up,Down
2011-11-22,0.5915316149648715,0.40846838503512845,Up,Down
2011-11-23,0.6315408555656699,0.36845914443433014,Up,Up
2011-11-24,0.6126289185347655,0.38737108146523447,Up,Down
2011-11-25,0.6303578303936201,0.36964216960637986,Up,Up
2011-11-28,0.5762595417534209,0.4237404582465792,Up,Down
2011-11-29,0.5933467845700056,0.4066532154299945,Up,Up
2011-11-30,0.5836715870618493,0.4163284129381507,Up,Up
2011-12-01,0.5426209697446096,0.45737903025539034,Up,Down
2011-12-02,0.4982724035202579,0.5017275964797421,Down,Down
2011-12-05,0.5025720135699037,0.49742798643009634,Up,Down
2011-12-07,0.4928174592066542,0.5071825407933458,Down,Down
2011-12-08,0.5393693399882048,0.4606306600117952,Up,Up
2011-12-09,0.5695716038615697,0.43042839613843026,Up,Up
2011-12-12,0.6090893120937908,0.3909106879062092,Up,Up
2011-12-13,0.5951653438966583,0.4048346561033417,Up,Up
2011-12-14,0.6089452143438008,0.3910547856561993,Up,Up
2011-12-15,0.6152146499261836,0.3847853500738164,Up,Up
2011-12-16,0.6516084995247352,0.3483915004752648,Up,Up
2011-12-19,0.6648285579096938,0.33517144209030625,Up,Up
2011-12-20,0.6897873674724908,0.31021263252750914,Up,Up
2011-12-21,0.6347696293752014,0.3652303706247986,Up,Up
2011-12-22,0.6200080146984771,0.3799919853015229,Up,Up
2011-12-23,0.6272935502123724,0.37270644978762757,Up,Up
2011-12-26,0.6017833810902248,0.3982166189097752,Up,Up
2011-12-27,0.6134105262899474,0.3865894737100526,Up,Up
2011-12-28,0.6301940344297046,0.3698059655702954,Up,Up
2011-12-29,0.6519502816020375,0.34804971839796245,Up,Up
2011-12-30,0.6600820925805932,0.33991790741940675,Up,Up
2012-01-02,0.6558657455691619,0.34413425443083806,Up,Up
2012-01-03,0.6065625730706513,0.3934374269293487,Up,Up
2012-01-04,0.6128466144490677,0.38715338555093226,Up,Up
2012-01-05,0.6127871851893858,0.38721281481061426,Up,Up
2012-01-06,0.6105843247451348,0.38941567525486515,Up,Up
2012-01-07,0.6136765178617801,0.3863234821382199,Up,Up
2012-01-09,0.614713404065135,0.38528659593486503,Up,Up
2012-01-10,0.5738610766824149,0.42613892331758507,Up,Up
2012-01-11,0.5683735513052584,0.43162644869474165,Up,Up
2012-01-12,0.5802289398951357,0.4197710601048643,Up,Up
2012-01-13,0.5801990176915631,0.4198009823084369,Up,Up
2012-01-16,0.5768662250299197,0.4231337749700803,Up,Up
2012-01-17,0.5420820083561433,0.45791799164385677,Up,Up
2012-01-18,0.5464077732621341,0.4535922267378659,Up,Up
2012-01-19,0.5224240252016089,0.4775759747983911,Up,Up
2012-01-20,0.5103690757755553,0.48963092422444465,Up,Up
2012-01-23,0.5103546512276186,0.4896453487723814,Up,Up
2012-01-24,0.49513825526287925,0.5048617447371208,Down,Up
2012-01-25,0.48430094864722095,0.515699051352779,Down,Up
2012-01-27,0.46594058455343845,0.5340594154465615,Down,Up
2012-01-30,0.5114910485437141,0.488508951456286,Up,Up
2012-01-31,0.46810705109845874,0.5318929489015413,Down,Up
2012-02-01,0.4540842835827499,0.5459157164172501,Down,Up
2012-02-02,0.44236958369404134,0.5576304163059587,Down,Up
2012-02-03,0.42122841069271766,0.5787715893072823,Down,Down
2012-02-06,0.40452755879372115,0.5954724412062788,Down,Down
2012-02-07,0.41608813179963167,0.5839118682003683,Down,Up
2012-02-08,0.4036510967608937,0.5963489032391063,Down,Down
2012-02-09,0.3871773481971704,0.6128226518028296,Down,Down
2012-02-10,0.41838534690355167,0.5816146530964483,Down,Down
2012-02-13,0.42474786332739245,0.5752521366726076,Down,Down
2012-02-14,0.4237826159202267,0.5762173840797733,Down,Down
2012-02-15,0.38228937074074587,0.6177106292592541,Down,Down
2012-02-16,0.38337717939468663,0.6166228206053134,Down,Down
2012-02-17,0.3682798485109364,0.6317201514890636,Down,Down
2012-02-21,0.35339311835239284,0.6466068816476072,Down,Down
2012-02-22,0.3887512792665482,0.6112487207334518,Down,Down
2012-02-23,0.3970609125643526,0.6029390874356474,Down,Down
2012-02-24,0.4169292550305038,0.5830707449694962,Down,Down
2012-02-27,0.47257602397339826,0.5274239760266017,Down,Down
2012-02-28,0.413859263210567,0.586140736789433,Down,Down
2012-02-29,0.40974276740729976,0.5902572325927002,Down,Down
2012-03-01,0.4276840271432628,0.5723159728567372,Down,Down
2012-03-02,0.42031269420396766,0.5796873057960323,Down,Down
2012-03-03,0.4203420327728189,0.5796579672271811,Down,Down
2012-03-05,0.4502174875988627,0.5497825124011373,Down,Up
2012-03-06,0.47183858811460777,0.5281614118853922,Down,Up
2012-03-07,0.4729571857496937,0.5270428142503063,Down,Down
2012-03-09,0.4299811313596099,0.5700188686403901,Down,Down
2012-03-12,0.42579991921344007,0.5742000807865599,Down,Down
2012-03-13,0.40059302329362967,0.5994069767063703,Down,Down
2012-03-14,0.3872357876554853,0.6127642123445147,Down,Down
2012-03-15,0.4185764329031646,0.5814235670968354,Down,Down
2012-03-16,0.4419960770200513,0.5580039229799487,Down,Down
2012-03-19,0.4646138829375991,0.5353861170624009,Down,Down
2012-03-20,0.4581876534413276,0.5418123465586724,Down,Down
2012-03-21,0.42392154363075807,0.5760784563692419,Down,Down
2012-03-22,0.47666464950021503,0.523335350499785,Down,Down
2012-03-23,0.45713048017205005,0.54286951982795,Down,Down
2012-03-26,0.49301536063483575,0.5069846393651642,Down,Down
2012-03-27,0.4701309594940617,0.5298690405059383,Down,Down
2012-03-28,0.48869741172904924,0.5113025882709508,Down,Down
2012-03-29,0.49526257311564204,0.504737426884358,Down,Down
2012-03-30,0.45067976012031197,0.549320239879688,Down,Down
2012-04-02,0.4421468652858569,0.5578531347141431,Down,Down
2012-04-03,0.42721295866105424,0.5727870413389458,Down,Down
2012-04-04,0.4400417693717821,0.5599582306282179,Down,Down
2012-04-09,0.4735812378093236,0.5264187621906764,Down,Down
2012-04-10,0.47034204760276854,0.5296579523972315,Down,Down
2012-04-11,0.4768677407148725,0.5231322592851275,Down,Down
2012-04-12,0.45733730138920425,0.5426626986107957,Down,Down
2012-04-13,0.4954801823677307,0.5045198176322693,Down,Down
2012-04-16,0.483463146917705,0.516536853082295,Down,Down
2012-04-17,0.4594931557054698,0.5405068442945302,Down,Down
2012-04-18,0.45523181638506904,0.544768183614931,Down,Down
2012-04-19,0.44983654739301193,0.5501634526069881,Down,Down
2012-04-20,0.4650163143451007,0.5349836856548993,Down,Down
2012-04-23,0.4999920675835138,0.5000079324164862,Down,Down
2012-04-24,0.49122147638912583,0.5087785236108742,Down,Down
2012-04-25,0.49888717482099154,0.5011128251790085,Down,Down
2012-04-26,0.5043845413845993,0.4956154586154007,Up,Down
2012-04-27,0.5362095105610392,0.4637904894389609,Up,Down
2012-04-28,0.5296061880395202,0.47039381196047975,Up,Down
2012-04-30,0.5152664860918348,0.48473351390816516,Up,Down
2012-05-02,0.5296002053952437,0.47039979460475634,Up,Down
2012-05-03,0.5493391521879312,0.4506608478120689,Up,Down
2012-05-04,0.5886515840723903,0.41134841592760973,Up,Up
2012-05-07,0.5787984069140548,0.4212015930859451,Up,Down
2012-05-08,0.6208696424278749,0.3791303575721251,Up,Up
2012-05-09,0.6335796740890797,0.36642032591092033,Up,Up
2012-05-10,0.6366796609772561,0.36332033902274385,Up,Up
2012-05-11,0.6502713466190522,0.3497286533809478,Up,Up
2012-05-14,0.6418257410323647,0.3581742589676354,Up,Up
2012-05-15,0.6322091809262155,0.3677908190737845,Up,Up
2012-05-16,0.6635774471014031,0.33642255289859696,Up,Up
2012-05-17,0.659353410758742,0.340646589241258,Up,Up
2012-05-18,0.6519518089286076,0.3480481910713924,Up,Up
2012-05-21,0.6756628610593274,0.3243371389406726,Up,Up
2012-05-22,0.6917517939261713,0.30824820607382875,Up,Up
2012-05-23,0.6996683774788669,0.3003316225211331,Up,Up
2012-05-24,0.668193269804177,0.3318067301958229,Up,Up
2012-05-25,0.6691576690895139,0.3308423309104861,Up,Up
2012-05-28,0.6461665711699401,0.35383342883005986,Up,Up
2012-05-29,0.6460689532978532,0.35393104670214676,Up,Up
2012-05-30,0.6617015921656848,0.33829840783431514,Up,Up
2012-05-31,0.6708840197169827,0.3291159802830173,Up,Up
2012-06-01,0.7011443388093442,0.29885566119065576,Up,Up
2012-06-04,0.7089712809141149,0.2910287190858851,Up,Up
2012-06-05,0.7039186586220242,0.2960813413779758,Up,Up
2012-06-06,0.6580495885399325,0.3419504114600675,Up,Up
2012-06-07,0.6390410231569834,0.3609589768430166,Up,Up
2012-06-08,0.6526720196063156,0.3473279803936844,Up,Up
2012-06-11,0.6567869182793762,0.3432130817206238,Up,Up
2012-06-12,0.6355777812589333,0.36442221874106673,Up,Up
2012-06-13,0.6355213201750893,0.3644786798249107,Up,Down
2012-06-14,0.6586695287310181,0.34133047126898186,Up,Down
2012-06-15,0.6289374109556832,0.37106258904431677,Up,Down
2012-06-18,0.655339185693324,0.34466081430667606,Up,Up
2012-06-19,0.6415779010753363,0.3584220989246637,Up,Up
2012-06-20,0.6361477400385631,0.36385225996143694,Up,Up
2012-06-21,0.620028343606075,0.37997165639392505,Up,Up
2012-06-22,0.6264129383521221,0.3735870616478779,Up,Up
2012-06-25,0.6380783847948496,0.3619216152051504,Up,Up
2012-06-26,0.6348037671849344,0.36519623281506564,Up,Up
2012-06-27,0.6272303645261894,0.37276963547381053,Up,Up
2012-06-28,0.6249972572160069,0.37500274278399315,Up,Up
2012-06-29,0.5781019504771411,0.4218980495228589,Up,Up
2012-07-02,0.5780328670782386,0.42196713292176136,Up,Up
2012-07-03,0.5746942338901017,0.42530576610989834,Up,Up
2012-07-04,0.5691113649848089,0.43088863501519115,Up,Up
2012-07-05,0.5602523300299187,0.4397476699700813,Up,Up
2012-07-06,0.5634905425747532,0.43650945742524677,Up,Up
2012-07-09,0.5789460595040544,0.4210539404959456,Up,Up
2012-07-10,0.5523755186534456,0.4476244813465544,Up,Up
2012-07-11,0.5666864084053108,0.4333135915946892,Up,Up
2012-07-12,0.5931186858413147,0.4068813141586854,Up,Up
2012-07-13,0.6115972459620946,0.38840275403790536,Up,Up
2012-07-16,0.6277323973609688,0.37226760263903125,Up,Up
2012-07-17,0.6287297815064092,0.37127021849359076,Up,Up
2012-07-18,0.6211395230938958,0.37886047690610425,Up,Up
2012-07-19,0.6134500695319827,0.38654993046801733,Up,Up
2012-07-20,0.6242456759531805,0.3757543240468195,Up,Up
2012-07-23,0.6434936912234059,0.356506308776594,Up,Up
2012-07-24,0.647630659380641,0.352369340619359,Up,Up
2012-07-25,0.6539119368720203,0.34608806312797974,Up,Up
2012-07-26,0.6727108241531812,0.3272891758468188,Up,Up
2012-07-27,0.6663856756417936,0.3336143243582064,Up,Up
2012-07-30,0.6323007728279306,0.3676992271720694,Up,Up
2012-07-31,0.6225179392954692,0.3774820607045309,Up,Up
2012-08-01,0.6181235257097845,0.38187647429021554,Up,Up
2012-08-02,0.6245083031946962,0.3754916968053038,Up,Up
2012-08-03,0.6288072919626093,0.3711927080373907,Up,Up
2012-08-06,0.6047417711862397,0.39525822881376027,Up,Up
2012-08-07,0.5849134031222751,0.41508659687772487,Up,Up
2012-08-08,0.5848294262966751,0.4151705737033249,Up,Up
2012-08-09,0.5936308010850309,0.40636919891496914,Up,Up
2012-08-10,0.5946727733731747,0.40532722662682535,Up,Up
2012-08-13,0.5758195484751615,0.4241804515248385,Up,Up
2012-08-14,0.5345703577041174,0.4654296422958826,Up,Up
2012-08-16,0.5245479644114106,0.47545203558858934,Up,Up
2012-08-17,0.524554828990554,0.47544517100944605,Up,Up
2012-08-21,0.5000048852896397,0.49999511471036023,Up,Up
2012-08-22,0.50331635761516,0.49668364238484003,Up,Up
2012-08-23,0.502245717212551,0.49775428278744904,Up,Up
2012-08-24,0.5133517467473578,0.4866482532526421,Up,Up
2012-08-27,0.5267108392794442,0.4732891607205558,Up,Up
2012-08-28,0.5322848940593816,0.4677151059406184,Up,Up
2012-08-29,0.5501226433483645,0.44987735665163553,Up,Up
2012-08-30,0.5400859702855205,0.4599140297144795,Up,Up
2012-08-31,0.5612228478345067,0.4387771521654933,Up,Up
2012-09-03,0.5622991922527384,0.4377008077472616,Up,Up
2012-09-04,0.5555422544713197,0.44445774552868034,Up,Up
2012-09-05,0.5733561970893868,0.42664380291061327,Up,Up
2012-09-06,0.5677151693174859,0.4322848306825141,Up,Up
2012-09-07,0.5297528848724828,0.47024711512751716,Up,Up
2012-09-08,0.5230380413213984,0.47696195867860164,Up,Up
2012-09-10,0.521916207049191,0.47808379295080905,Up,Up
2012-09-11,0.508495923312609,0.4915040766873911,Up,Up
2012-09-12,0.4939593540813453,0.5060406459186547,Down,Up
2012-09-13,0.49172460230867865,0.5082753976913214,Down,Up
2012-09-14,0.4389024059212825,0.5610975940787175,Down,Up
2012-09-17,0.4270440606485726,0.5729559393514274,Down,Up
2012-09-18,0.43145192891782935,0.5685480710821706,Down,Up
2012-09-20,0.447811052545912,0.552188947454088,Down,Up
2012-09-21,0.39836105922047205,0.601638940779528,Down,Up
2012-09-24,0.405877107581317,0.594122892418683,Down,Up
2012-09-25,0.4048788729161348,0.5951211270838652,Down,Up
2012-09-26,0.40914255563864677,0.5908574443613532,Down,Up
2012-09-27,0.41351489171234945,0.5864851082876505,Down,Up
2012-09-28,0.39339907753693504,0.606600922463065,Down,Down
2012-10-01,0.3882092645342121,0.6117907354657879,Down,Down
2012-10-03,0.383104146709748,0.616895853290252,Down,Down
2012-10-04,0.36460620510921204,0.635393794890788,Down,Down
2012-10-05,0.3780474071327017,0.6219525928672983,Down,Down
2012-10-08,0.40324677791031216,0.5967532220896878,Down,Down
2012-10-09,0.39274877982389444,0.6072512201761056,Down,Down
2012-10-10,0.4119052136718857,0.5880947863281143,Down,Down
2012-10-11,0.3918448083748791,0.6081551916251209,Down,Down
2012-10-12,0.4120402412321489,0.5879597587678511,Down,Up
2012-10-15,0.4078191661273749,0.5921808338726251,Down,Up
2012-10-16,0.4272004651763247,0.5727995348236753,Down,Up
2012-10-17,0.4250719485138166,0.5749280514861834,Down,Up
2012-10-18,0.404765303942612,0.595234696057388,Down,Up
2012-10-19,0.4187269806489794,0.5812730193510206,Down,Up
2012-10-22,0.4252669138916194,0.5747330861083806,Down,Up
2012-10-23,0.4372286361866937,0.5627713638133063,Down,Up
2012-10-25,0.43288523414888247,0.5671147658511175,Down,Up
2012-10-26,0.4591926451548307,0.5408073548451693,Down,Up
2012-10-29,0.4581417636675539,0.5418582363324461,Down,Up
2012-10-30,0.48257204237912876,0.5174279576208712,Down,Up
2012-10-31,0.47811755778579634,0.5218824422142037,Down,Up
2012-11-01,0.4714623920703107,0.5285376079296893,Down,Up
2012-11-02,0.45600535094422234,0.5439946490557777,Down,Up
2012-11-05,0.45382730666920035,0.5461726933307997,Down,Up
2012-11-06,0.4494156141773866,0.5505843858226134,Down,Up
2012-11-07,0.43630501099038554,0.5636949890096145,Down,Up
2012-11-08,0.45501752559344955,0.5449824744065505,Down,Up
2012-11-09,0.4749507805388756,0.5250492194611244,Down,Up
2012-11-12,0.5287044018770217,0.4712955981229783,Up,Up
2012-11-13,0.5343124098371563,0.46568759016284367,Up,Up
2012-11-15,0.5477423476194614,0.4522576523805386,Up,Up
2012-11-16,0.5656996043553758,0.4343003956446242,Up,Up
2012-11-19,0.5667859833107111,0.43321401668928894,Up,Up
2012-11-20,0.5667562392939515,0.43324376070604853,Up,Up
2012-11-21,0.552138117726396,0.447861882273604,Up,Up
2012-11-22,0.5464360012746149,0.4535639987253851,Up,Up
2012-11-23,0.5475739761654161,0.45242602383458386,Up,Up
2012-11-26,0.5430389336411147,0.45696106635888534,Up,Up
2012-11-27,0.5103882786566549,0.489611721343345,Up,Up
2012-11-29,0.47565447657265314,0.5243455234273469,Down,Up
2012-11-30,0.4568096440707269,0.5431903559292731,Down,Up
2012-12-03,0.4601414397420195,0.5398585602579805,Down,Up
2012-12-04,0.45357326332405623,0.5464267366759438,Down,Up
2012-12-05,0.44915723595718327,0.5508427640428167,Down,Up
2012-12-06,0.4392771641348595,0.5607228358651405,Down,Up
2012-12-07,0.44701386517212316,0.5529861348278768,Down,Up
2012-12-10,0.4459365728602668,0.5540634271397332,Down,Up
2012-12-11,0.4492891333606214,0.5507108666393786,Down,Up
2012-12-12,0.45373785974938896,0.546262140250611,Down,Up
2012-12-13,0.46597043420742634,0.5340295657925737,Down,Up
2012-12-14,0.45600191046918503,0.543998089530815,Down,Up
2012-12-17,0.4637653341049681,0.5362346658950319,Down,Up
2012-12-18,0.45048746057462186,0.5495125394253781,Down,Up
2012-12-19,0.4384500073665041,0.5615499926334959,Down,Up
2012-12-20,0.4439798978019548,0.5560201021980452,Down,Up
2012-12-21,0.46721398810667236,0.5327860118933276,Down,Up
2012-12-24,0.4650502062387736,0.5349497937612264,Down,Up
2012-12-26,0.44734681457951,0.55265318542049,Down,Up
2012-12-27,0.4595363759925918,0.5404636240074082,Down,Up
2012-12-28,0.4462401021247291,0.5537598978752709,Down,Down
2012-12-31,0.447402520411888,0.552597479588112,Down,Down
2013-01-01,0.43205846261319114,0.5679415373868089,Down,Down
2013-01-02,0.4168576811307343,0.5831423188692657,Down,Down
2013-01-03,0.4114810887191471,0.5885189112808529,Down,Down
2013-01-04,0.409391811567299,0.590608188432701,Down,Down
2013-01-07,0.41917873327016486,0.5808212667298351,Down,Down
2013-01-08,0.4148619950248438,0.5851380049751562,Down,Down
2013-01-09,0.4246851283383155,0.5753148716616845,Down,Down
2013-01-10,0.4258363737555292,0.5741636262444708,Down,Down
2013-01-11,0.4323902763178883,0.5676097236821117,Down,Down
2013-01-14,0.40745510320809575,0.5925448967919043,Down,Down
2013-01-15,0.4000321154759212,0.5999678845240788,Down,Down
2013-01-16,0.4183745558207913,0.5816254441792087,Down,Down
2013-01-17,0.40549058473268007,0.5945094152673199,Down,Down
2013-01-18,0.41196688043903085,0.5880331195609692,Down,Down
2013-01-21,0.4163625278138404,0.5836374721861596,Down,Down
2013-01-22,0.4404524951658323,0.5595475048341677,Down,Down
2013-01-23,0.4393350317647313,0.5606649682352687,Down,Down
2013-01-24,0.4570860948748944,0.5429139051251056,Down,Down
2013-01-25,0.43833304035576726,0.5616669596442327,Down,Down
2013-01-28,0.44054653906568086,0.5594534609343191,Down,Down
2013-01-29,0.44938688771560265,0.5506131122843974,Down,Down
2013-01-30,0.4505377391421317,0.5494622608578683,Down,Down
2013-01-31,0.46836488764713335,0.5316351123528666,Down,Down
2013-02-01,0.47733544874616274,0.5226645512538373,Down,Down
2013-02-04,0.4762162772360842,0.5237837227639158,Down,Down
2013-02-05,0.4874835515769306,0.5125164484230694,Down,Down
2013-02-06,0.4863747093773918,0.5136252906226082,Down,Down
2013-02-07,0.49427581982430135,0.5057241801756986,Down,Down
2013-02-08,0.506665836558075,0.4933341634419251,Up,Down
2013-02-11,0.5055291076482906,0.4944708923517094,Up,Down
2013-02-12,0.49198734798451704,0.508012652015483,Down,Down
2013-02-13,0.4874601820116211,0.5125398179883789,Down,Down
2013-02-14,0.49427717126987436,0.5057228287301256,Down,Down
2013-02-15,0.5010606548296903,0.49893934517030963,Up,Down
2013-02-18,0.49428538719448645,0.5057146128055136,Down,Down
2013-02-19,0.46616260933048426,0.5338373906695157,Down,Down
2013-02-20,0.45613679274288543,0.5438632072571146,Down,Down
2013-02-21,0.48868744819434307,0.5113125518056569,Down,Down
2013-02-22,0.4931900982211289,0.5068099017788711,Down,Down
2013-02-25,0.4920738038240162,0.5079261961759838,Down,Down
2013-02-26,0.5249225382302051,0.47507746176979493,Up,Down
2013-02-27,0.5271557962360237,0.4728442037639763,Up,Down
2013-02-28,0.5633981838772875,0.43660181612271254,Up,Down
2013-03-01,0.5543209192294039,0.44567908077059615,Up,Down
2013-03-04,0.5622321163671538,0.43776788363284624,Up,Down
2013-03-05,0.5315472758860309,0.4684527241139691,Up,Down
2013-03-06,0.5190542544028661,0.4809457455971339,Up,Up
2013-03-07,0.5031890528508343,0.4968109471491657,Up,Down
2013-03-08,0.47489977438089936,0.5251002256191006,Down,Down
2013-03-11,0.4828189049745035,0.5171810950254965,Down,Down
2013-03-12,0.4930088978909133,0.5069911021090867,Down,Down
2013-03-13,0.5145403396142837,0.4854596603857163,Up,Up
2013-03-14,0.4952469849366715,0.5047530150633285,Down,Up
2013-03-15,0.5077256347451821,0.49227436525481794,Up,Up
2013-03-18,0.5201958150248364,0.47980418497516364,Up,Up
2013-03-19,0.5519928530987723,0.44800714690122767,Up,Up
2013-03-20,0.5701480161277018,0.42985198387229817,Up,Up
2013-03-21,0.5824937656415596,0.41750623435844036,Up,Up
2013-03-22,0.5847260552552118,0.4152739447447881,Up,Up
2013-03-25,0.5914373640853595,0.4085626359146405,Up,Up
2013-03-26,0.5880327053833146,0.41196729461668535,Up,Up
2013-03-28,0.5732757301606878,0.4267242698393122,Up,Up
2013-04-01,0.5800447608167121,0.41995523918328787,Up,Up
2013-04-02,0.5653147492492033,0.43468525075079667,Up,Up
2013-04-03,0.5912340294867556,0.40876597051324437,Up,Up
2013-04-04,0.6246850618380809,0.3753149381619191,Up,Up
2013-04-05,0.6323093074995245,0.3676906925004755,Up,Up
2013-04-08,0.635551033370375,0.364448966629625,Up,Up
2013-04-09,0.6519048228105125,0.34809517718948746,Up,Up
2013-04-10,0.6299299042638553,0.3700700957361447,Up,Up
2013-04-11,0.6177018860430828,0.38229811395691715,Up,Up
2013-04-12,0.6408448475907238,0.3591551524092762,Up,Up
2013-04-15,0.6275684149709297,0.37243158502907026,Up,Up
2013-04-16,0.5861040715753383,0.4138959284246618,Up,Up
2013-04-17,0.6018672048088314,0.39813279519116856,Up,Up
2013-04-18,0.5690773329086936,0.43092266709130644,Up,Up
2013-04-22,0.5507907887951798,0.44920921120482016,Up,Up
2013-04-23,0.5507596504074432,0.44924034959255676,Up,Up
2013-04-25,0.5233625378298129,0.4766374621701871,Up,Up
2013-04-26,0.5541762632101646,0.4458237367898355,Up,Up
2013-04-29,0.5484179708070126,0.4515820291929874,Up,Down
2013-04-30,0.5404063648927838,0.4595936351072162,Up,Down
2013-05-02,0.5175552756261196,0.4824447243738804,Up,Down
2013-05-03,0.5358207801929649,0.4641792198070351,Up,Down
2013-05-06,0.5266898434188777,0.4733101565811223,Up,Down
2013-05-07,0.5015949510413401,0.4984050489586599,Up,Down
2013-05-08,0.5004402647151078,0.49955973528489217,Up,Down
2013-05-09,0.5107001429068352,0.4892998570931648,Up,Down
2013-05-10,0.4981494289330489,0.5018505710669511,Down,Down
2013-05-11,0.49358591906142457,0.5064140809385754,Down,Down
2013-05-13,0.5472562144892025,0.4527437855107975,Up,Down
2013-05-14,0.5369224546594749,0.4630775453405252,Up,Down
2013-05-15,0.485587988726343,0.514412011273657,Down,Down
2013-05-16,0.48557615338580773,0.5144238466141923,Down,Down
2013-05-17,0.4799021698503545,0.5200978301496455,Down,Down
2013-05-20,0.4810559133314114,0.5189440866685886,Down,Down
2013-05-21,0.495832535176138,0.504167464823862,Down,Down
2013-05-22,0.5061472430879002,0.4938527569120999,Up,Down
2013-05-23,0.5495529694039175,0.4504470305960825,Up,Down
2013-05-24,0.536962607840931,0.46303739215906903,Up,Down
2013-05-27,0.5014744299296986,0.4985255700703014,Up,Down
2013-05-28,0.494628187634759,0.505371812365241,Down,Down
2013-05-29,0.48783896419065886,0.5121610358093411,Down,Down
2013-05-30,0.48098419632578315,0.5190158036742168,Down,Down
2013-05-31,0.528974953297652,0.47102504670234807,Up,Up
2013-06-03,0.5449820427797016,0.45501795722029836,Up,Up
2013-06-04,0.5518341955559155,0.4481658044440845,Up,Up
2013-06-05,0.5495038111077493,0.45049618889225074,Up,Up
2013-06-06,0.5357529131689921,0.4642470868310079,Up,Up
2013-06-07,0.5506409023209312,0.4493590976790688,Up,Up
2013-06-10,0.5540437422118945,0.44595625778810555,Up,Up
2013-06-11,0.5836995455815834,0.41630045441841657,Up,Up
2013-06-12,0.5938704259985849,0.40612957400141514,Up,Up
2013-06-13,0.6140825145281299,0.3859174854718701,Up,Up
2013-06-14,0.5767024704728401,0.42329752952715993,Up,Up
2013-06-17,0.551515383502591,0.44848461649740906,Up,Down
2013-06-18,0.5640915627559124,0.43590843724408757,Up,Down
2013-06-19,0.5594613054116643,0.4405386945883357,Up,Down
2013-06-20,0.6173530467392256,0.38264695326077436,Up,Up
2013-06-21,0.6138852442872538,0.38611475571274617,Up,Up
2013-06-24,0.6394901917273483,0.36050980827265167,Up,Up
2013-06-25,0.6328079325760281,0.36719206742397187,Up,Down
2013-06-26,0.64046420796927,0.35953579203073005,Up,Down
2013-06-27,0.6046565144034604,0.39534348559653965,Up,Down
2013-06-28,0.5498432270472131,0.4501567729527869,Up,Down
2013-07-01,0.5268351833379759,0.47316481666202415,Up,Down
2013-07-02,0.5406488280234552,0.45935117197654485,Up,Down
2013-07-03,0.5715775755698325,0.42842242443016754,Up,Down
2013-07-04,0.5486077056746435,0.45139229432535655,Up,Down
2013-07-05,0.5371291530828123,0.4628708469171877,Up,Down
2013-07-08,0.5554681685504542,0.4445318314495458,Up,Down
2013-07-09,0.5393855068507868,0.4606144931492132,Up,Down
2013-07-10,0.5531257730157018,0.44687422698429824,Up,Down
2013-07-11,0.511725258405694,0.48827474159430595,Up,Down
2013-07-12,0.48647933139943633,0.5135206686005637,Down,Down
2013-07-15,0.4807542266428576,0.5192457733571424,Down,Down
2013-07-16,0.5071001767588452,0.4928998232411548,Up,Down
2013-07-17,0.5013606981604017,0.49863930183959826,Up,Down
2013-07-18,0.485365905985754,0.514634094014246,Down,Down
2013-07-19,0.48761815179086676,0.5123818482091332,Down,Down
2013-07-22,0.4956543974365648,0.5043456025634352,Down,Down
2013-07-23,0.48538149575395284,0.5146185042460472,Down,Down
2013-07-24,0.5186521686409058,0.48134783135909426,Up,Down
2013-07-25,0.5589270525672922,0.44107294743270775,Up,Down
2013-07-26,0.5703903836367084,0.42960961636329165,Up,Up
2013-07-29,0.601176939591247,0.3988230604087531,Up,Up
2013-07-30,0.6237540943690464,0.3762459056309536,Up,Up
2013-07-31,0.6303691464256183,0.3696308535743818,Up,Up
2013-08-01,0.6325770171872653,0.3674229828127346,Up,Up
2013-08-02,0.6491540503591923,0.35084594964080773,Up,Up
2013-08-05,0.6424567959177687,0.35754320408223134,Up,Up
2013-08-06,0.6890424050392174,0.31095759496078257,Up,Up
2013-08-07,0.704693677230659,0.295306322769341,Up,Up
2013-08-08,0.6899457393313579,0.31005426066864206,Up,Up
2013-08-12,0.6803049721529577,0.3196950278470423,Up,Up
2013-08-13,0.6531077001241974,0.3468922998758026,Up,Up
2013-08-14,0.6386577273075411,0.3613422726924589,Up,Up
2013-08-16,0.705461084324187,0.29453891567581303,Up,Up
2013-08-19,0.7768701642754907,0.22312983572450923,Up,Up
2013-08-20,0.7804521092157349,0.21954789078426507,Up,Up
2013-08-21,0.8049828271469057,0.19501717285309433,Up,Up
2013-08-22,0.7784955507343927,0.22150444926560725,Up,Up
2013-08-23,0.7607196677296783,0.23928033227032175,Up,Up
2013-08-26,0.7596891086462774,0.2403108913537227,Up,Up
2013-08-27,0.8098450104006396,0.1901549895993604,Up,Up
2013-08-28,0.810586372886488,0.18941362711351195,Up,Up
2013-08-29,0.7790146344100252,0.22098536558997484,Up,Up
2013-08-30,0.7622096425919926,0.2377903574080073,Up,Up
2013-09-02,0.7398377810709376,0.26016221892906244,Up,Up
2013-09-03,0.795804579577944,0.20419542042205596,Up,Up
2013-09-04,0.7685339009262242,0.2314660990737758,Up,Up
2013-09-05,0.7275868727392807,0.27241312726071937,Up,Up
2013-09-06,0.7017485122658892,0.2982514877341108,Up,Up
2013-09-10,0.6173266388392528,0.38267336116074724,Up,Up
2013-09-11,0.6116414479273762,0.3883585520726239,Up,Up
2013-09-12,0.633040832877059,0.36695916712294097,Up,Up
2013-09-13,0.6329602141319002,0.36703978586809977,Up,Up
2013-09-16,0.6351814253240378,0.36481857467596224,Up,Up
2013-09-17,0.6328637518232422,0.36713624817675783,Up,Up
2013-09-18,0.6158629557459309,0.38413704425406914,Up,Up
2013-09-19,0.5445331191001791,0.4554668808998209,Up,Up
2013-09-20,0.5792013795583424,0.4207986204416576,Up,Up
2013-09-23,0.619196894060732,0.380803105939268,Up,Up
2013-09-24,0.6179726977671672,0.38202730223283277,Up,Up
2013-09-25,0.6247157241889414,0.37528427581105867,Up,Up
2013-09-26,0.621281219563119,0.378718780436881,Up,Up
2013-09-27,0.6200821398689662,0.3799178601310338,Up,Up
2013-09-30,0.652569264521877,0.347430735478123,Up,Up
2013-10-01,0.6380409173770701,0.36195908262292986,Up,Up
2013-10-03,0.5948041298504301,0.40519587014957,Up,Up
2013-10-04,0.5959193928590918,0.40408060714090827,Up,Up
2013-10-07,0.5958546677425705,0.40414533225742955,Up,Up
2013-10-08,0.5888978422268951,0.4111021577731049,Up,Up
2013-10-09,0.5611256544807156,0.4388743455192844,Up,Down
2013-10-10,0.5565067490351951,0.44349325096480485,Up,Up
2013-10-11,0.5309206632103948,0.46907933678960523,Up,Down
2013-10-14,0.5239466726950105,0.4760533273049895,Up,Down
2013-10-15,0.5343684881172207,0.4656315118827793,Up,Up
2013-10-17,0.5599207362367817,0.44007926376321826,Up,Up
2013-10-18,0.5145989792509746,0.48540102074902536,Up,Up
2013-10-21,0.5087799598715036,0.4912200401284964,Up,Down
2013-10-22,0.5157682934084233,0.48423170659157666,Up,Down
2013-10-23,0.5366374349224474,0.46336256507755264,Up,Up
2013-10-24,0.5413180668787132,0.4586819331212868,Up,Up
2013-10-25,0.5482419482027592,0.4517580517972409,Up,Up
2013-10-28,0.5621929722069602,0.4378070277930398,Up,Up
2013-10-29,0.5226323252105334,0.4773676747894667,Up,Up
2013-10-30,0.5121809654053019,0.4878190345946981,Up,Down
2013-10-31,0.4959474322764287,0.5040525677235713,Down,Down
2013-11-01,0.4936297245224964,0.5063702754775036,Down,Down
2013-11-03,0.49019078028655005,0.50980921971345,Down,Down
2013-11-05,0.5098409581910799,0.49015904180892006,Up,Down
2013-11-06,0.526144080714982,0.47385591928501797,Up,Down
2013-11-07,0.5424176710135723,0.4575823289864277,Up,Up
2013-11-08,0.5575359561113332,0.4424640438886668,Up,Up
2013-11-11,0.5772523939139294,0.42274760608607065,Up,Up
2013-11-12,0.5968285322652753,0.4031714677347247,Up,Up
2013-11-13,0.6060226165296445,0.3939773834703555,Up,Up
2013-11-14,0.5840260547809308,0.41597394521906916,Up,Up
2013-11-18,0.5445049426906318,0.45549505730936823,Up,Up
2013-11-19,0.5340169443234506,0.46598305567654935,Up,Up
2013-11-20,0.5619139533536283,0.43808604664637174,Up,Up
2013-11-21,0.60244407764711,0.39755592235288995,Up,Up
2013-11-22,0.5501853978467454,0.44981460215325464,Up,Up
2013-11-25,0.5093924561305518,0.49060754386944816,Up,Up
2013-11-26,0.5233636051280488,0.4766363948719512,Up,Up
2013-11-27,0.5129154005652231,0.4870845994347769,Up,Up
2013-11-28,0.5012622818251953,0.4987377181748048,Up,Up
2013-11-29,0.4723390109874581,0.5276609890125419,Down,Up
2013-12-02,0.4574834763156812,0.5425165236843188,Down,Up
2013-12-03,0.4632056062181822,0.5367943937818178,Down,Up
2013-12-04,0.477028912947834,0.522971087052166,Down,Up
2013-12-05,0.4495203328086226,0.5504796671913774,Down,Up
2013-12-06,0.4495980714305179,0.5504019285694821,Down,Up
2013-12-09,0.41359821503509586,0.5864017849649041,Down,Down
2013-12-10,0.42478755970637316,0.5752124402936268,Down,Up
2013-12-11,0.43270347069312176,0.5672965293068782,Down,Up
2013-12-12,0.45654458449630964,0.5434554155036904,Down,Up
2013-12-13,0.4795549976894439,0.5204450023105561,Down,Down
2013-12-16,0.4853388443670561,0.5146611556329439,Down,Down
2013-12-17,0.4900406176351896,0.5099593823648104,Down,Down
2013-12-18,0.46347735906392495,0.536522640936075,Down,Down
2013-12-19,0.4807696300012988,0.5192303699987012,Down,Down
2013-12-20,0.4440851821061428,0.5559148178938572,Down,Down
2013-12-23,0.44072437683699484,0.5592756231630052,Down,Down
2013-12-24,0.44643255458731246,0.5535674454126875,Down,Down
2013-12-26,0.44304225968088673,0.5569577403191133,Down,Down
2013-12-27,0.43066287493651845,0.5693371250634816,Down,Down
2013-12-30,0.4408198308428465,0.5591801691571535,Down,Down
2013-12-31,0.4363275973809829,0.5636724026190171,Down,Down
2014-01-01,0.43752405664901317,0.5624759433509868,Down,Down
2014-01-02,0.4637953884044004,0.5362046115955996,Down,Down
2014-01-03,0.4672263685788588,0.5327736314211412,Down,Down
2014-01-06,0.4741720177666906,0.5258279822333094,Down,Down
2014-01-07,0.48458832937831087,0.5154116706216891,Down,Down
2014-01-08,0.4799746665559631,0.5200253334440369,Down,Down
2014-01-09,0.48232293662340575,0.5176770633765942,Down,Down
2014-01-10,0.48930294527735707,0.5106970547226429,Down,Down
2014-01-13,0.45350316607174324,0.5464968339282568,Down,Down
2014-01-14,0.4662076271021356,0.5337923728978644,Down,Down
2014-01-15,0.43876442729502974,0.5612355727049703,Down,Down
2014-01-16,0.44447150455280804,0.555528495447192,Down,Down
2014-01-17,0.4650763368469548,0.5349236631530452,Down,Down
2014-01-20,0.4766739782194851,0.5233260217805149,Down,Down
2014-01-21,0.47318398954724694,0.5268160104527531,Down,Up
2014-01-22,0.4651205429748162,0.5348794570251838,Down,Up
2014-01-23,0.46054061314196004,0.53945938685804,Down,Up
2014-01-24,0.48832301705655345,0.5116769829434465,Down,Up
2014-01-27,0.535142151959585,0.46485784804041497,Up,Up
2014-01-28,0.5386454509792818,0.46135454902071815,Up,Up
2014-01-29,0.542131659636581,0.457868340363419,Up,Up
2014-01-30,0.5585157308228207,0.4414842691771793,Up,Up
2014-01-31,0.552629778700457,0.44737022129954296,Up,Up
2014-02-03,0.5946123260197693,0.4053876739802307,Up,Up
2014-02-04,0.5934207396797944,0.40657926032020564,Up,Up
2014-02-05,0.5864460607325748,0.41355393926742523,Up,Up
2014-02-06,0.6153605328143448,0.3846394671856552,Up,Up
2014-02-07,0.6049095159650434,0.3950904840349566,Up,Up
2014-02-10,0.6060330346739805,0.3939669653260195,Up,Up
2014-02-11,0.603681514495424,0.3963184855045761,Up,Up
2014-02-12,0.5966672070979397,0.4033327929020602,Up,Up
2014-02-13,0.6231937249931174,0.3768062750068826,Up,Up
2014-02-14,0.6081629099119854,0.39183709008801454,Up,Up
2014-02-17,0.6011480332134348,0.3988519667865652,Up,Up
2014-02-18,0.5649645944437871,0.43503540555621295,Up,Up
2014-02-19,0.5649486247835953,0.4350513752164047,Up,Up
2014-02-20,0.5847885831686528,0.41521141683134716,Up,Up
2014-02-21,0.5952471123375311,0.4047528876624689,Up,Up
2014-02-24,0.584694203933853,0.415305796066147,Up,Up
2014-02-25,0.5800121239280911,0.4199878760719089,Up,Up
2014-02-26,0.5670809369079394,0.43291906309206063,Up,Up
2014-02-28,0.5553129644683008,0.44468703553169914,Up,Up
2014-03-03,0.5729361950527216,0.42706380494727836,Up,Up
2014-03-04,0.5481892123960778,0.45181078760392224,Up,Up
2014-03-05,0.5375861196011518,0.46241388039884823,Up,Up
2014-03-06,0.5140394237114125,0.48596057628858746,Up,Up
2014-03-07,0.47202396736916796,0.527976032630832,Down,Up
2014-03-10,0.4685181168386624,0.5314818831613376,Down,Up
2014-03-11,0.47670037224001705,0.523299627759983,Down,Up
2014-03-12,0.47549724543980654,0.5245027545601935,Down,Up
2014-03-13,0.4836729903722815,0.5163270096277185,Down,Up
2014-03-14,0.4802205547111591,0.5197794452888409,Down,Up
2014-03-18,0.47555071359900447,0.5244492864009955,Down,Up
2014-03-19,0.47205929790395085,0.5279407020960492,Down,Up
2014-03-20,0.48605034526561175,0.5139496547343883,Down,Up
2014-03-21,0.4825585255586068,0.5174414744413932,Down,Up
2014-03-22,0.4826107954040266,0.5173892045959734,Down,Up
2014-03-24,0.45362718715747996,0.54637281284252,Down,Up
2014-03-25,0.451323339057201,0.548676660942799,Down,Up
2014-03-26,0.4478766869864701,0.5521233130135299,Down,Up
2014-03-27,0.43418775799393916,0.5658122420060608,Down,Up
2014-03-28,0.419528990755075,0.580471009244925,Down,Up
2014-03-31,0.4172948891790548,0.5827051108209452,Down,Up
2014-04-01,0.41171490550248935,0.5882850944975107,Down,Up
2014-04-02,0.40175522943756947,0.5982447705624305,Down,Up
2014-04-03,0.40736280160047844,0.5926371983995216,Down,Up
2014-04-04,0.419742149328421,0.580257850671579,Down,Up
2014-04-07,0.41973404835531625,0.5802659516446838,Down,Up
2014-04-09,0.38864135383183784,0.6113586461681622,Down,Up
2014-04-10,0.38868387388470294,0.6113161261152971,Down,Up
2014-04-11,0.3942421823839596,0.6057578176160404,Down,Up
2014-04-15,0.40760413589329625,0.5923958641067038,Down,Up
2014-04-16,0.42565043386176815,0.5743495661382318,Down,Up
2014-04-17,0.3976497869098359,0.6023502130901641,Down,Up
2014-04-21,0.38668933932497285,0.6133106606750272,Down,Up
2014-04-22,0.387854643869622,0.612145356130378,Down,Up
2014-04-23,0.380211625839187,0.619788374160813,Down,Up
2014-04-25,0.39786327273805633,0.6021367272619437,Down,Up
2014-04-28,0.40455509892805097,0.595444901071949,Down,Up
2014-04-29,0.41579790300124175,0.5842020969987582,Down,Up
2014-04-30,0.42600428599949824,0.5739957140005018,Down,Up
2014-05-02,0.4340208420869023,0.5659791579130977,Down,Up
2014-05-05,0.4374924273636489,0.5625075726363511,Down,Up
2014-05-06,0.43178087766376727,0.5682191223362327,Down,Up
2014-05-07,0.45244363354093653,0.5475563664590635,Down,Up
2014-05-08,0.45710032545177937,0.5428996745482206,Down,Up
2014-05-09,0.39144043945815565,0.6085595605418443,Down,Up
2014-05-12,0.35155357318898617,0.6484464268110138,Down,Up
2014-05-13,0.33081590605739963,0.6691840939426004,Down,Up
2014-05-14,0.33087446395601816,0.6691255360439818,Down,Up
2014-05-15,0.3268626514727617,0.6731373485272383,Down,Up
2014-05-16,0.3048659032718717,0.6951340967281283,Down,Up
2014-05-19,0.28372735304529295,0.716272646954707,Down,Up
2014-05-20,0.2782010555611649,0.7217989444388351,Down,Up
2014-05-21,0.29149978051789716,0.7085002194821028,Down,Up
2014-05-22,0.28488371523151534,0.7151162847684847,Down,Up
2014-05-23,0.2618209221311061,0.7381790778688939,Down,Up
2014-05-26,0.2682604343308479,0.7317395656691521,Down,Up
2014-05-27,0.2785143365267917,0.7214856634732083,Down,Up
2014-05-28,0.27765866798471006,0.7223413320152899,Down,Up
2014-05-29,0.3195103669041054,0.6804896330958946,Down,Up
2014-05-30,0.3165559881689253,0.6834440118310747,Down,Up
2014-06-02,0.273128099189791,0.726871900810209,Down,Up
2014-06-03,0.2559385485182286,0.7440614514817714,Down,Up
2014-06-04,0.2595686439656235,0.7404313560343765,Down,Up
2014-06-05,0.24373185800610464,0.7562681419938954,Down,Up
2014-06-06,0.23103651413461446,0.7689634858653855,Down,Up
2014-06-09,0.2228034221207934,0.7771965778792066,Down,Up
2014-06-10,0.22204847129364436,0.7779515287063556,Down,Up
2014-06-11,0.22871490193844868,0.7712850980615513,Down,Up
2014-06-12,0.2238148942068776,0.7761851057931224,Down,Up
2014-06-13,0.24852399492236188,0.7514760050776381,Down,Up
2014-06-16,0.25034482504287914,0.7496551749571209,Down,Up
2014-06-17,0.23064741523758903,0.769352584762411,Down,Up
2014-06-18,0.24787595999468592,0.7521240400053141,Down,Up
2014-06-19,0.25144837870322456,0.7485516212967754,Down,Up
2014-06-20,0.2641016126932213,0.7358983873067787,Down,Up
2014-06-23,0.26876990034646986,0.7312300996535301,Down,Up
2014-06-24,0.24811898789882636,0.7518810121011736,Down,Up
2014-06-25,0.2508039796712853,0.7491960203287147,Down,Up
2014-06-26,0.26896642706533713,0.7310335729346629,Down,Up
2014-06-27,0.26534396022753226,0.7346560397724677,Down,Up
2014-06-30,0.24050765345826797,0.759492346541732,Down,Up
2014-07-01,0.23542724860319608,0.7645727513968039,Down,Up
2014-07-02,0.21479175230272973,0.7852082476972703,Down,Up
2014-07-03,0.21726081653748253,0.7827391834625175,Down,Up
2014-07-04,0.21249857766858637,0.7875014223314136,Down,Up
2014-07-07,0.20544964227642504,0.794550357723575,Down,Up
2014-07-08,0.24180362900006624,0.7581963709999338,Down,Up
2014-07-09,0.250649719538501,0.749350280461499,Down,Up
2014-07-10,0.25607370203733437,0.7439262979626656,Down,Up
2014-07-11,0.28970333138925575,0.7102966686107443,Down,Up
2014-07-14,0.28971722221040186,0.7102827777895981,Down,Up
2014-07-15,0.2718007565606917,0.7281992434393083,Down,Up
2014-07-16,0.24828707808526607,0.7517129219147339,Down,Up
2014-07-17,0.24396103315072137,0.7560389668492786,Down,Up
2014-07-18,0.24573816827001138,0.7542618317299886,Down,Up
2014-07-21,0.24757242313206484,0.7524275768679352,Down,Up
2014-07-22,0.23036296884218466,0.7696370311578153,Down,Up
2014-07-23,0.22710288348926355,0.7728971165107364,Down,Up
2014-07-24,0.2188661353239083,0.7811338646760917,Down,Up
2014-07-25,0.22973131001312785,0.7702686899868721,Down,Up
2014-07-28,0.24093984465515839,0.7590601553448416,Down,Up
2014-07-30,0.2307187147043901,0.7692812852956099,Down,Up
2014-07-31,0.24985565134368914,0.7501443486563109,Down,Up
2014-08-01,0.29763001393722877,0.7023699860627712,Down,Up
2014-08-04,0.2774629432226309,0.7225370567773691,Down,Up
2014-08-05,0.26175912145613545,0.7382408785438646,Down,Up
2014-08-06,0.2832864898906746,0.7167135101093254,Down,Up
2014-08-07,0.2891200117000723,0.7108799882999277,Down,Up
2014-08-08,0.3099083516988824,0.6900916483011176,Down,Up
2014-08-11,0.30297899810856876,0.6970210018914312,Down,Up
2014-08-12,0.2777979120917522,0.7222020879082478,Down,Up
2014-08-13,0.27316582892034647,0.7268341710796535,Down,Up
2014-08-14,0.2602675177486047,0.7397324822513953,Down,Up
2014-08-18,0.2495120618154013,0.7504879381845987,Down,Up
2014-08-19,0.24429677561715812,0.7557032243828419,Down,Up
2014-08-20,0.24877502984845878,0.7512249701515412,Down,Down
2014-08-21,0.24442341342662766,0.7555765865733723,Down,Down
2014-08-22,0.23919872008025334,0.7608012799197467,Down,Up
2014-08-25,0.24102196722871494,0.7589780327712851,Down,Down
2014-08-26,0.24110894165729235,0.7588910583427076,Down,Down
2014-08-27,0.2342270107230464,0.7657729892769536,Down,Down
2014-08-28,0.2300206863694767,0.7699793136305233,Down,Down
2014-09-01,0.21429097231148508,0.7857090276885149,Down,Down
2014-09-02,0.20241682770025637,0.7975831722997436,Down,Down
2014-09-03,0.19625723658948113,0.8037427634105189,Down,Down
2014-09-04,0.20021580932581795,0.799784190674182,Down,Down
2014-09-05,0.2018328903181602,0.7981671096818398,Down,Down
2014-09-08,0.15987258029381668,0.8401274197061833,Down,Down
2014-09-09,0.16329096424658374,0.8367090357534163,Down,Down
2014-09-10,0.1744431652493279,0.8255568347506721,Down,Down
2014-09-11,0.17593225863996054,0.8240677413600395,Down,Up
2014-09-12,0.17246430526588274,0.8275356947341173,Down,Up
2014-09-15,0.18478783060731663,0.8152121693926834,Down,Up
2014-09-16,0.20711445594890776,0.7928855440510922,Down,Up
2014-09-17,0.19775772602911912,0.8022422739708809,Down,Up
2014-09-18,0.1705497172464986,0.8294502827535014,Down,Up
2014-09-19,0.19635149154706066,0.8036485084529393,Down,Up
2014-09-22,0.19107490699647234,0.8089250930035277,Down,Up
2014-09-23,0.2180035814426603,0.7819964185573397,Down,Up
2014-09-24,0.22134771968999922,0.7786522803100008,Down,Up
2014-09-25,0.24195097039107305,0.758049029608927,Down,Up
2014-09-26,0.22907801839356023,0.7709219816064398,Down,Up
2014-09-29,0.2308493872958277,0.7691506127041723,Down,Up
2014-09-30,0.23006032198527993,0.7699396780147201,Down,Up
2014-10-01,0.23439634733519132,0.7656036526648087,Down,Up
2014-10-07,0.2557161442728664,0.7442838557271336,Down,Up
2014-10-08,0.2585328875799766,0.7414671124200234,Down,Up
2014-10-09,0.23109905984241175,0.7689009401575883,Down,Up
2014-10-10,0.25411819685129067,0.7458818031487093,Down,Up
2014-10-13,0.26148748006062017,0.7385125199393798,Down,Up
2014-10-14,0.2671155590672163,0.7328844409327837,Down,Up
2014-10-16,0.2940425499074524,0.7059574500925476,Down,Up
2014-10-17,0.28625841974768873,0.7137415802523113,Down,Up
2014-10-20,0.261690328711187,0.738309671288813,Down,Up
2014-10-21,0.2562434376560955,0.7437565623439045,Down,Up
2014-10-22,0.24550714437238097,0.754492855627619,Down,Up
2014-10-23,0.24116216846905802,0.758837831530942,Down,Up
2014-10-27,0.24650536034274229,0.7534946396572577,Down,Up
2014-10-28,0.23687386057741644,0.7631261394225836,Down,Up
2014-10-29,0.22239057334556778,0.7776094266544322,Down,Up
2014-10-30,0.20290450110152336,0.7970954988984766,Down,Up
2014-10-31,0.1714516792710269,0.8285483207289731,Down,Down
2014-11-03,0.17151264109306097,0.828487358906939,Down,Down
2014-11-05,0.17445135893524122,0.8255486410647588,Down,Down
2014-11-07,0.1915016042573261,0.8084983957426739,Down,Down
2014-11-10,0.19699590964285874,0.8030040903571413,Down,Down
2014-11-11,0.19318824633235443,0.8068117536676456,Down,Down
2014-11-12,0.19018867121937766,0.8098113287806223,Down,Down
2014-11-13,0.19563631439921592,0.8043636856007841,Down,Down
2014-11-14,0.18879051105528843,0.8112094889447116,Down,Down
2014-11-17,0.18137319872599733,0.8186268012740027,Down,Down
2014-11-18,0.1799732674389628,0.8200267325610372,Down,Down
2014-11-19,0.1904971744062829,0.8095028255937171,Down,Down
2014-11-20,0.17715579244049784,0.8228442075595022,Down,Down
2014-11-21,0.16379290061035456,0.8362070993896454,Down,Down
2014-11-24,0.1584130281836703,0.8415869718163297,Down,Down
2014-11-25,0.170210274129996,0.829789725870004,Down,Down
2014-11-26,0.16745632999847548,0.8325436700015245,Down,Down
2014-11-27,0.16405255350932646,0.8359474464906735,Down,Down
2014-11-28,0.1481114395564298,0.8518885604435702,Down,Down
2014-12-01,0.15402967313228844,0.8459703268677116,Down,Down
2014-12-02,0.1594567159222985,0.8405432840777015,Down,Down
2014-12-03,0.1568425940680649,0.8431574059319351,Down,Down
2014-12-04,0.15288975924256065,0.8471102407574393,Down,Down
2014-12-05,0.15696915901482222,0.8430308409851778,Down,Up
2014-12-08,0.17437773585940497,0.825622264140595,Down,Up
2014-12-09,0.1931138328181271,0.8068861671818729,Down,Up
2014-12-10,0.19011952426847656,0.8098804757315234,Down,Up
2014-12-11,0.20264554092473663,0.7973544590752634,Down,Up
2014-12-12,0.21737498815686285,0.7826250118431372,Down,Up
2014-12-15,0.2182620447344752,0.7817379552655248,Down,Up
2014-12-16,0.2523686543117548,0.7476313456882452,Down,Up
2014-12-17,0.26165412388141807,0.7383458761185819,Down,Up
2014-12-18,0.23115566647761876,0.7688443335223812,Down,Up
2014-12-19,0.2176382535386583,0.7823617464613417,Down,Up
2014-12-22,0.1966857792297032,0.8033142207702968,Down,Up
2014-12-23,0.20871114653381517,0.7912888534661848,Down,Up
2014-12-24,0.2288609104938789,0.7711390895061211,Down,Up
2014-12-26,0.22293629948568805,0.777063700514312,Down,Up
2014-12-29,0.21299382497080666,0.7870061750291933,Down,Up
2014-12-30,0.21304483690554465,0.7869551630944553,Down,Up
2014-12-31,0.20575563928362084,0.7942443607163792,Down,Up
2015-01-01,0.20581147556149215,0.7941885244385078,Down,Up
2015-01-02,0.18334641627582315,0.8166535837241768,Down,Up
2015-01-05,0.18714678957723008,0.8128532104227699,Down,Up
2015-01-06,0.23993083103049706,0.7600691689695029,Down,Up
2015-01-07,0.2453728801331253,0.7546271198668747,Down,Up
2015-01-08,0.21598053808753714,0.7840194619124629,Down,Up
2015-01-09,0.20619845812829152,0.7938015418717085,Down,Up
2015-01-12,0.19745973141862383,0.8025402685813762,Down,Up
2015-01-13,0.20230694864697263,0.7976930513530274,Down,Up
2015-01-14,0.20800793027133424,0.7919920697286658,Down,Up
2015-01-15,0.16565921714926923,0.8343407828507308,Down,Up
2015-01-16,0.1622269163890676,0.8377730836109324,Down,Up
2015-01-19,0.15883907441614886,0.8411609255838511,Down,Up
2015-01-20,0.135675741584811,0.864324258415189,Down,Up
2015-01-21,0.13270194692780723,0.8672980530721928,Down,Up
2015-01-22,0.13038629414943093,0.8696137058505691,Down,Down
2015-01-23,0.11731272382570979,0.8826872761742902,Down,Down
2015-01-27,0.10728205561644,0.89271794438356,Down,Down
2015-01-28,0.10735080463061131,0.8926491953693887,Down,Down
2015-01-29,0.09893838471533867,0.9010616152846613,Down,Down
2015-01-30,0.11757760654318528,0.8824223934568147,Down,Down
2015-02-02,0.11600592365624562,0.8839940763437544,Down,Down
2015-02-03,0.1210606012244978,0.8789393987755022,Down,Down
2015-02-04,0.11503282468444376,0.8849671753155562,Down,Down
2015-02-05,0.11296586892178617,0.8870341310782138,Down,Down
2015-02-06,0.12011140793553343,0.8798885920644666,Down,Down
2015-02-09,0.11200772966141115,0.8879922703385889,Down,Up
2015-02-10,0.10683254920087637,0.8931674507991236,Down,Down
2015-02-11,0.0989341013046654,0.9010658986953346,Down,Down
2015-02-12,0.08874698501531975,0.9112530149846803,Down,Down
2015-02-13,0.0786144322539506,0.9213855677460494,Down,Down
2015-02-16,0.08239892041483565,0.9176010795851643,Down,Down
2015-02-18,0.07996867710738331,0.9200313228926167,Down,Down
2015-02-19,0.0621036883675824,0.9378963116324176,Down,Down
2015-02-20,0.0670389820446674,0.9329610179553326,Down,Down
2015-02-23,0.07495357301979455,0.9250464269802054,Down,Down
2015-02-24,0.07424905557099326,0.9257509444290067,Down,Up
2015-02-25,0.07392585670631258,0.9260741432936874,Down,Up
2015-02-26,0.08289255396660722,0.9171074460333928,Down,Up
2015-02-27,0.06626190013662059,0.9337380998633794,Down,Down
2015-02-28,0.061176126589918445,0.9388238734100816,Down,Down
2015-03-02,0.05641210332026925,0.9435878966797308,Down,Down
2015-03-03,0.05313117191294614,0.9468688280870539,Down,Down
2015-03-04,0.05941868046745713,0.9405813195325429,Down,Down
2015-03-05,0.05818580866770695,0.941814191332293,Down,Down
2015-03-09,0.07300526295261456,0.9269947370473854,Down,Down
2015-03-10,0.07777820807161262,0.9222217919283874,Down,Down
2015-03-11,0.07946419539870264,0.9205358046012974,Down,Down
2015-03-12,0.07127652575925669,0.9287234742407433,Down,Down
2015-03-13,0.08549947460619611,0.9145005253938039,Down,Down
2015-03-16,0.08729994154085208,0.9127000584591479,Down,Down
2015-03-17,0.07687643876289463,0.9231235612371054,Down,Down
2015-03-18,0.08102819640813874,0.9189718035918613,Down,Down
2015-03-19,0.08707917513753649,0.9129208248624635,Down,Down
2015-03-20,0.09486095807682327,0.9051390419231767,Down,Down
2015-03-23,0.0977939476041797,0.9022060523958203,Down,Down
2015-03-24,0.09879590224836521,0.9012040977516348,Down,Down
2015-03-25,0.10032654095565641,0.8996734590443436,Down,Down
2015-03-26,0.1278367933550345,0.8721632066449655,Down,Down
2015-03-27,0.1314557069695641,0.8685442930304359,Down,Down
2015-03-30,0.10910312577585102,0.890896874224149,Down,Down
2015-03-31,0.10915558099461475,0.8908444190053852,Down,Down
2015-04-01,0.09672083903023232,0.9032791609697677,Down,Down
2015-04-06,0.08624170354201377,0.9137582964579862,Down,Down
2015-04-07,0.08587742128123454,0.9141225787187655,Down,Down
2015-04-08,0.07999897314052229,0.9200010268594777,Down,Down
2015-04-09,0.07325540290947241,0.9267445970905276,Down,Down
2015-04-10,0.07293875487667933,0.9270612451233207,Down,Down
2015-04-13,0.06741180162558857,0.9325881983744114,Down,Down
2015-04-15,0.07620800986219944,0.9237919901378006,Down,Down
2015-04-16,0.08034483431182138,0.9196551656881786,Down,Down
2015-04-17,0.0922221099449988,0.9077778900550012,Down,Down
2015-04-20,0.11326319408608443,0.8867368059139156,Down,Down
2015-04-21,0.12447385953666357,0.8755261404633364,Down,Down
2015-04-22,0.1160926243401823,0.8839073756598177,Down,Down
2015-04-23,0.12117947239809579,0.8788205276019042,Down,Down
2015-04-24,0.13055590485025992,0.8694440951497401,Down,Down
2015-04-27,0.13543329649298386,0.8645667035070161,Down,Down
2015-04-28,0.12360960388570441,0.8763903961142956,Down,Down
2015-04-29,0.133739151702841,0.866260848297159,Down,Down
2015-04-30,0.14768486769616462,0.8523151323038354,Down,Down
2015-05-04,0.12320625538622809,0.8767937446137719,Down,Down
2015-05-05,0.12444830575657606,0.8755516942434239,Down,Down
2015-05-06,0.1727010874118824,0.8272989125881176,Down,Down
2015-05-07,0.1801326253387805,0.8198673746612195,Down,Up
2015-05-08,0.15801930972278033,0.8419806902772197,Down,Up
2015-05-11,0.1269537820264891,0.8730462179735109,Down,Up
2015-05-12,0.1581796405281144,0.8418203594718856,Down,Up
2015-05-13,0.14172773837122932,0.8582722616287707,Down,Up
2015-05-14,0.1436850778897828,0.8563149221102172,Down,Up
2015-05-15,0.1374480933144353,0.8625519066855647,Down,Up
2015-05-18,0.11805099898223748,0.8819490010177625,Down,Down
2015-05-19,0.11921750275412779,0.8807824972458722,Down,Up
2015-05-20,0.1115984008642229,0.8884015991357771,Down,Up
2015-05-21,0.1127410280956882,0.8872589719043118,Down,Up
2015-05-22,0.09890100137728597,0.901098998622714,Down,Up
2015-05-25,0.11450070611327867,0.8854992938867213,Down,Up
2015-05-26,0.11957268937177012,0.8804273106282299,Down,Up
2015-05-27,0.11683316311278191,0.8831668368872181,Down,Up
2015-05-28,0.11631756114082747,0.8836824388591725,Down,Up
2015-05-29,0.0906308231569799,0.9093691768430201,Down,Down
2015-06-01,0.08487235731497234,0.9151276426850277,Down,Up
2015-06-02,0.11111841919415788,0.8888815808058421,Down,Up
2015-06-03,0.1280850789245246,0.8719149210754754,Down,Up
2015-06-04,0.12117212257649901,0.878827877423501,Down,Up
2015-06-05,0.12352051760303862,0.8764794823969614,Down,Up
2015-06-08,0.13556881572675572,0.8644311842732443,Down,Up
2015-06-09,0.13935282360788015,0.8606471763921199,Down,Up
2015-06-10,0.12199013408005088,0.8780098659199491,Down,Up
2015-06-11,0.14917925861433634,0.8508207413856637,Down,Up
2015-06-12,0.14660918760327046,0.8533908123967295,Down,Up
2015-06-15,0.14085971007854325,0.8591402899214567,Down,Up
2015-06-16,0.1353144613122229,0.8646855386877771,Down,Up
2015-06-17,0.127503762424508,0.872496237575492,Down,Up
2015-06-18,0.11443659388050331,0.8855634061194967,Down,Up
2015-06-19,0.107525296853485,0.892474703146515,Down,Up
2015-06-22,0.08993962664299593,0.9100603733570041,Down,Up
2015-06-23,0.08638412419921682,0.9136158758007832,Down,Up
2015-06-24,0.08914433131237198,0.910855668687628,Down,Up
2015-06-25,0.08472219377367463,0.9152778062263254,Down,Up
2015-06-26,0.086569985995536,0.913430014004464,Down,Up
2015-06-29,0.09495046662302042,0.9050495333769796,Down,Up
2015-06-30,0.0884901200765772,0.9115098799234228,Down,Up
2015-07-01,0.0781660826901931,0.9218339173098069,Down,Down
2015-07-02,0.07946257203806584,0.9205374279619342,Down,Down
2015-07-03,0.07463658095940029,0.9253634190405997,Down,Up
2015-07-06,0.07080346138221305,0.929196538617787,Down,Down
2015-07-07,0.07202688052732342,0.9279731194726766,Down,Down
2015-07-08,0.08937820045610168,0.9106217995438983,Down,Up
2015-07-09,0.09410635759240571,0.9058936424075943,Down,Up
2015-07-10,0.08996478224560323,0.9100352177543968,Down,Down
2015-07-13,0.07782328835645969,0.9221767116435403,Down,Down
2015-07-14,0.07830681783198812,0.9216931821680119,Down,Down
2015-07-15,0.07081570329225739,0.9291842967077426,Down,Down
2015-07-16,0.062494318439777485,0.9375056815602225,Down,Down
2015-07-17,0.06222748880551532,0.9377725111944847,Down,Down
2015-07-20,0.06194644152077877,0.9380535584792212,Down,Down
2015-07-21,0.06921119894205074,0.9307888010579493,Down,Down
2015-07-22,0.059360086413347224,0.9406399135866528,Down,Down
2015-07-23,0.06352709778949328,0.9364729022105067,Down,Down
2015-07-24,0.07055073181647187,0.9294492681835281,Down,Down
2015-07-27,0.08899928049474393,0.9110007195052561,Down,Down
2015-07-28,0.09804922012143114,0.9019507798785689,Down,Down
2015-07-29,0.09520915488817616,0.9047908451118238,Down,Down
2015-07-30,0.08827413215244195,0.911725867847558,Down,Down
2015-07-31,0.07551599181032953,0.9244840081896705,Down,Down
2015-08-03,0.07517997975271784,0.9248200202472822,Down,Down
2015-08-04,0.07767098419500906,0.9223290158049909,Down,Down
2015-08-05,0.0721338302321557,0.9278661697678443,Down,Down
2015-08-06,0.07027956502201504,0.929720434977985,Down,Down
2015-08-07,0.07264921505572541,0.9273507849442746,Down,Down
2015-08-10,0.07551040951315313,0.9244895904868469,Down,Down
2015-08-11,0.08222410620027398,0.917775893799726,Down,Down
2015-08-12,0.09501577475510214,0.9049842252448979,Down,Down
2015-08-13,0.09223173158642217,0.9077682684135778,Down,Down
2015-08-14,0.06984010078297742,0.9301598992170226,Down,Down
2015-08-17,0.07823242165175304,0.921767578348247,Down,Down
2015-08-18,0.07956398076313032,0.9204360192368697,Down,Down
2015-08-19,0.07630313076003659,0.9236968692399634,Down,Down
2015-08-20,0.09118820012070328,0.9088117998792967,Down,Down
2015-08-21,0.10091100788332041,0.8990889921166796,Down,Down
2015-08-24,0.18729494249615342,0.8127050575038466,Down,Up
2015-08-25,0.17231571060992634,0.8276842893900737,Down,Up
2015-08-26,0.19050174643048834,0.8094982535695117,Down,Up
2015-08-27,0.15892963256570347,0.8410703674342965,Down,Up
2015-08-28,0.14883010220244774,0.8511698977975523,Down,Up
2015-08-31,0.1549287036587178,0.8450712963412822,Down,Up
2015-09-01,0.19237702600877304,0.807622973991227,Down,Up
2015-09-02,0.20766396085238237,0.7923360391476176,Down,Up
2015-09-03,0.18396957010823656,0.8160304298917634,Down,Up
2015-09-04,0.22209836814152284,0.7779016318584772,Down,Up
2015-09-07,0.24502859352323436,0.7549714064767656,Down,Up
2015-09-08,0.21371680004929572,0.7862831999507043,Down,Up
2015-09-09,0.1849073502575983,0.8150926497424017,Down,Up
2015-09-10,0.19118750023864328,0.8088124997613567,Down,Up
2015-09-11,0.1912212755416105,0.8087787244583895,Down,Up
2015-09-14,0.17381507425780562,0.8261849257421944,Down,Up
2015-09-15,0.1828780522125003,0.8171219477874997,Down,Up
2015-09-16,0.16884278788049267,0.8311572121195073,Down,Up
2015-09-18,0.15280648689155296,0.847193513108447,Down,Up
2015-09-21,0.15352045065788644,0.8464795493421136,Down,Down
2015-09-22,0.18697455925653694,0.8130254407434631,Down,Up
2015-09-23,0.17939968092905267,0.8206003190709473,Down,Up
2015-09-24,0.17497261941005027,0.8250273805899497,Down,Down
2015-09-28,0.17729000594294309,0.8227099940570569,Down,Up
2015-09-29,0.1678103042029807,0.8321896957970193,Down,Down
2015-09-30,0.14714256919341429,0.8528574308065857,Down,Down
2015-10-01,0.14720363120100077,0.8527963687989992,Down,Down
2015-10-05,0.118365438509062,0.881634561490938,Down,Down
2015-10-06,0.11286555896453632,0.8871344410354637,Down,Down
2015-10-07,0.1096587910027974,0.8903412089972026,Down,Down
2015-10-08,0.11686427663101906,0.8831357233689809,Down,Down
2015-10-09,0.10763621339104501,0.892363786608955,Down,Down
2015-10-12,0.11589980935462973,0.8841001906453703,Down,Down
2015-10-13,0.14510109032999174,0.8548989096700083,Down,Down
2015-10-14,0.15114281626176718,0.8488571837382328,Down,Down
2015-10-15,0.13874879988577504,0.861251200114225,Down,Down
2015-10-16,0.12891142939000755,0.8710885706099925,Down,Down
2015-10-19,0.12301550611946421,0.8769844938805358,Down,Down
2015-10-20,0.12902375622232232,0.8709762437776777,Down,Down
2015-10-21,0.1309201706541434,0.8690798293458566,Down,Down
2015-10-23,0.12674888723857525,0.8732511127614248,Down,Down
2015-10-26,0.1328719930361375,0.8671280069638625,Down,Down
2015-10-27,0.13667251383775225,0.8633274861622477,Down,Down
2015-10-28,0.14907853447037211,0.8509214655296279,Down,Down
2015-10-29,0.14982228746334714,0.8501777125366529,Down,Down
2015-10-30,0.15877235866838213,0.8412276413316179,Down,Down
2015-11-02,0.16448569716129768,0.8355143028387023,Down,Down
2015-11-03,0.16168684143267964,0.8383131585673204,Down,Down
2015-11-04,0.1725983143547054,0.8274016856452946,Down,Down
2015-11-05,0.1948651263786595,0.8051348736213405,Down,Down
2015-11-06,0.1957298555490553,0.8042701444509447,Down,Down
2015-11-09,0.2088087453369435,0.7911912546630565,Down,Down
2015-11-10,0.23999389440470542,0.7600061055952946,Down,Up
2015-11-11,0.2293852566810023,0.7706147433189977,Down,Up
2015-11-13,0.24733008197138362,0.7526699180286164,Down,Up
2015-11-16,0.23478371575935675,0.7652162842406433,Down,Up
2015-11-17,0.227765913730252,0.772234086269748,Down,Up
2015-11-18,0.25392401421145605,0.746075985788544,Down,Up
2015-11-19,0.22698366603964137,0.7730163339603586,Down,Down
2015-11-20,0.22354812383446332,0.7764518761655367,Down,Down
2015-11-23,0.22536062602507834,0.7746393739749217,Down,Down
2015-11-24,0.22978091010915724,0.7702190898908428,Down,Down
2015-11-26,0.21772504460948328,0.7822749553905167,Down,Down
2015-11-27,0.2043677196785193,0.7956322803214807,Down,Down
2015-11-30,0.20607904004375932,0.7939209599562407,Down,Down
2015-12-01,0.20121154414235654,0.7987884558576435,Down,Down
2015-12-02,0.2070127191549106,0.7929872808450894,Down,Down
2015-12-03,0.22227097676227903,0.777729023237721,Down,Down
2015-12-04,0.2417694148641405,0.7582305851358595,Down,Down
2015-12-07,0.24639008494322323,0.7536099150567768,Down,Down
2015-12-08,0.26222982405482553,0.7377701759451745,Down,Down
2015-12-09,0.2854437648740926,0.7145562351259074,Down,Down
2015-12-10,0.2670336831356487,0.7329663168643513,Down,Down
2015-12-11,0.28651960646960184,0.7134803935303982,Down,Down
2015-12-14,0.2748385800000005,0.7251614199999995,Down,Down
2015-12-15,0.2624246681895369,0.7375753318104631,Down,Down
2015-12-16,0.2493797687042958,0.7506202312957042,Down,Down
2015-12-17,0.22700043863048602,0.772999561369514,Down,Down
2015-12-18,0.24673842552305636,0.7532615744769436,Down,Down
2015-12-21,0.2288367542350883,0.7711632457649117,Down,Down
2015-12-22,0.2404856634515793,0.7595143365484207,Down,Down
2015-12-23,0.22196084138207306,0.7780391586179269,Down,Down
2015-12-24,0.22290838330924334,0.7770916166907567,Down,Down
2015-12-28,0.20852982879907334,0.7914701712009267,Down,Down
2015-12-29,0.20772714174396967,0.7922728582560303,Down,Down
2015-12-30,0.2153523750564318,0.7846476249435682,Down,Down
2015-12-31,0.20369967712080173,0.7963003228791983,Down,Down
2016-01-01,0.20050187079351478,0.7994981292064852,Down,Down
2016-01-04,0.24003606009334877,0.7599639399066512,Down,Down
2016-01-05,0.24191650654462382,0.7580834934553762,Down,Down
2016-01-06,0.2529548730037836,0.7470451269962164,Down,Down
2016-01-07,0.297603202710056,0.702396797289944,Down,Down
2016-01-08,0.2886448346711312,0.7113551653288688,Down,Down
2016-01-11,0.2986701437468441,0.7013298562531559,Down,Down
2016-01-12,0.3139929900949404,0.6860070099050596,Down,Down
2016-01-13,0.2997482787652048,0.7002517212347952,Down,Down
2016-01-14,0.3068758909856655,0.6931241090143345,Down,Down
2016-01-15,0.3339767244684094,0.6660232755315906,Down,Down
2016-01-18,0.361971272695231,0.638028727304769,Down,Down
2016-01-19,0.338262651463499,0.661737348536501,Down,Down
2016-01-20,0.37521544480991686,0.6247845551900831,Down,Up
2016-01-21,0.38520560927175795,0.614794390728242,Down,Up
2016-01-22,0.34584657463821544,0.6541534253617846,Down,Up
2016-01-25,0.3426673513916245,0.6573326486083755,Down,Up
2016-01-27,0.3415981433970452,0.6584018566029548,Down,Up
2016-01-28,0.3632667041967568,0.6367332958032432,Down,Up
2016-01-29,0.3236447396040951,0.6763552603959049,Down,Down
2016-02-01,0.32370887330266507,0.6762911266973349,Down,Down
2016-02-02,0.357892799949892,0.642107200050108,Down,Up
2016-02-03,0.38548500562356125,0.6145149943764388,Down,Up
2016-02-04,0.37330303397654774,0.6266969660234523,Down,Up
2016-02-05,0.34819712765549593,0.6518028723445041,Down,Up
2016-02-08,0.3810985912465873,0.6189014087534127,Down,Up
2016-02-09,0.40692938883112895,0.593070611168871,Down,Up
2016-02-10,0.42853922885932216,0.5714607711406778,Down,Up
2016-02-11,0.5003618243732555,0.4996381756267445,Up,Up
2016-02-12,0.4979993118239976,0.5020006881760024,Down,Up
2016-02-15,0.422810458495803,0.577189541504197,Down,Up
2016-02-16,0.45854743687510546,0.5414525631248945,Down,Up
2016-02-17,0.4389102008590988,0.5610897991409012,Down,Up
2016-02-18,0.40921446341792944,0.5907855365820706,Down,Up
2016-02-19,0.40240242124251013,0.5975975787574899,Down,Up
2016-02-22,0.3956418624267708,0.6043581375732292,Down,Up
2016-02-23,0.4332112834272386,0.5667887165727614,Down,Up
2016-02-24,0.46207213653811086,0.5379278634618891,Down,Up
2016-02-25,0.47719045075718103,0.522809549242819,Down,Up
2016-02-26,0.45861377655894897,0.541386223441051,Down,Up
2016-02-29,0.47143290837035146,0.5285670916296485,Down,Up
2016-03-01,0.3990845382653372,0.6009154617346628,Down,Up
2016-03-02,0.354747117578028,0.645252882421972,Down,Up
2016-03-03,0.3237345418233806,0.6762654581766194,Down,Up
2016-03-04,0.3216884061891052,0.6783115938108948,Down,Up
2016-03-08,0.3259186904323613,0.6740813095676387,Down,Up
2016-03-09,0.31239440797592755,0.6876055920240725,Down,Up
2016-03-10,0.3259694356995735,0.6740305643004265,Down,Up
2016-03-11,0.31868022650786965,0.6813197734921304,Down,Up
2016-03-14,0.31037390962413913,0.6896260903758609,Down,Up
2016-03-15,0.33243498132819105,0.667565018671809,Down,Up
2016-03-16,0.3218863299782512,0.6781136700217488,Down,Up
2016-03-17,0.3177362649828088,0.6822637350171912,Down,Up
2016-03-18,0.2931727948148718,0.7068272051851282,Down,Up
2016-03-21,0.26663543780887267,0.7333645621911273,Down,Up
2016-03-22,0.26381259977564786,0.7361874002243521,Down,Up
2016-03-23,0.2629024316624371,0.7370975683375629,Down,Up
2016-03-28,0.2903132645190565,0.7096867354809435,Down,Up
2016-03-29,0.29542719356038494,0.7045728064396151,Down,Up
2016-03-30,0.2582571096820855,0.7417428903179145,Down,Up
2016-03-31,0.2573737848557389,0.7426262151442611,Down,Up
2016-04-01,0.22987557991343954,0.7701244200865605,Down,Up
2016-04-04,0.21941540333305676,0.7805845966669432,Down,Up
2016-04-05,0.25844821444586963,0.7415517855541304,Down,Up
2016-04-06,0.2556517410983218,0.7443482589016782,Down,Up
2016-04-07,0.2729376637411385,0.7270623362588615,Down,Up
2016-04-08,0.27102640217867546,0.7289735978213245,Down,Up
2016-04-11,0.2409180067294766,0.7590819932705234,Down,Up
2016-04-12,0.23196594136591753,0.7680340586340825,Down,Up
2016-04-13,0.19863328543643166,0.8013667145635683,Down,Up
2016-04-18,0.189041714529273,0.810958285470727,Down,Up
2016-04-20,0.1962837114699919,0.8037162885300081,Down,Up
2016-04-21,0.1963569417624782,0.8036430582375218,Down,Up
2016-04-22,0.19967208103575584,0.8003279189642442,Down,Up
2016-04-25,0.21222437360520297,0.787775626394797,Down,Up
2016-04-26,0.1956722150639405,0.8043277849360595,Down,Up
2016-04-27,0.19092490169564313,0.8090750983043569,Down,Up
2016-04-28,0.22098600009502234,0.7790139999049777,Down,Up
2016-04-29,0.22627793819612574,0.7737220618038743,Down,Up
2016-05-02,0.2254392780863239,0.7745607219136761,Down,Up
2016-05-03,0.2406691716827395,0.7593308283172605,Down,Up
2016-05-04,0.25936119084707,0.74063880915293,Down,Up
2016-05-05,0.25184871390602415,0.7481512860939759,Down,Up
2016-05-06,0.25655897233963554,0.7434410276603645,Down,Up
2016-05-09,0.22647112230448807,0.7735288776955119,Down,Up
2016-05-10,0.22126555995249786,0.7787344400475021,Down,Up
2016-05-11,0.23098177705398804,0.769018222946012,Down,Up
2016-05-12,0.21874498728490743,0.7812550127150926,Down,Up
2016-05-13,0.2391711135450556,0.7608288864549444,Down,Up
2016-05-16,0.20110243678721063,0.7988975632127894,Down,Up
2016-05-17,0.19459211556025136,0.8054078844397486,Down,Up
2016-05-18,0.19874552965655012,0.8012544703434499,Down,Up
2016-05-19,0.21895349476862858,0.7810465052313714,Down,Up
2016-05-20,0.23130566017760512,0.7686943398223949,Down,Up
2016-05-23,0.2367608030527013,0.7632391969472987,Down,Up
2016-05-24,0.23408136628146103,0.765918633718539,Down,Up
2016-05-25,0.1605568711209454,0.8394431288790546,Down,Up
2016-05-26,0.1387907998656076,0.8612092001343924,Down,Up
2016-05-27,0.12209704408770528,0.8779029559122947,Down,Up
2016-05-30,0.12039917266835154,0.8796008273316485,Down,Up
2016-05-31,0.1258332929745246,0.8741667070254754,Down,Up
2016-06-01,0.12289177034973608,0.8771082296502639,Down,Up
2016-06-02,0.11648649577319503,0.883513504226805,Down,Up
2016-06-03,0.11600461084775837,0.8839953891522416,Down,Up
2016-06-06,0.11952682763658973,0.8804731723634103,Down,Up
2016-06-07,0.120762866430429,0.879237133569571,Down,Up
2016-06-08,0.1196535228145309,0.8803464771854691,Down,Up
2016-06-09,0.13120723562190584,0.8687927643780942,Down,Up
2016-06-10,0.13698614609189108,0.8630138539081089,Down,Up
2016-06-13,0.14827039034349332,0.8517296096565067,Down,Up
2016-06-14,0.14832264709761378,0.8516773529023862,Down,Up
2016-06-15,0.13080577546965366,0.8691942245303463,Down,Up
2016-06-16,0.14242267781472673,0.8575773221852733,Down,Up
2016-06-17,0.1372520023310374,0.8627479976689626,Down,Up
2016-06-20,0.1254529640272838,0.8745470359727162,Down,Up
2016-06-21,0.12920480059888895,0.870795199401111,Down,Up
2016-06-22,0.13176170340471438,0.8682382965952856,Down,Up
2016-06-23,0.12088131937359503,0.879118680626405,Down,Up
2016-06-24,0.15295376713200493,0.8470462328679951,Down,Up
2016-06-27,0.15164452372932002,0.84835547627068,Down,Up
2016-06-28,0.14556494705490441,0.8544350529450956,Down,Up
2016-06-29,0.13203621055156467,0.8679637894484353,Down,Up
2016-06-30,0.11822859185340218,0.8817714081465978,Down,Up
2016-07-01,0.11202139499328523,0.8879786050067148,Down,Up
2016-07-04,0.10552768204451746,0.8944723179554825,Down,Up
2016-07-05,0.11103030204594,0.88896969795406,Down,Up
2016-07-07,0.11055606623782588,0.8894439337621741,Down,Up
2016-07-08,0.11283461414554041,0.8871653858544596,Down,Up
2016-07-11,0.09203004287840166,0.9079699571215983,Down,Up
2016-07-12,0.08641547678933592,0.9135845232106641,Down,Up
2016-07-13,0.08650404678973755,0.9134959532102624,Down,Up
2016-07-14,0.08114855433022505,0.918851445669775,Down,Up
2016-07-15,0.08390363058222672,0.9160963694177733,Down,Up
2016-07-18,0.08809694618417951,0.9119030538158205,Down,Up
2016-07-19,0.08585043044001461,0.9141495695599854,Down,Up
2016-07-20,0.08143170467286043,0.9185682953271396,Down,Up
2016-07-21,0.08831119085077666,0.9116888091492233,Down,Up
2016-07-22,0.08424429703310621,0.9157557029668938,Down,Up
2016-07-25,0.07316204290693817,0.9268379570930618,Down,Up
2016-07-26,0.07866419733853114,0.9213358026614689,Down,Up
2016-07-27,0.07575834857271124,0.9242416514272888,Down,Up
2016-07-28,0.07335937209521748,0.9266406279047825,Down,Up
2016-07-29,0.0763325721227841,0.9236674278772159,Down,Up
2016-08-01,0.07681757891753549,0.9231824210824645,Down,Up
2016-08-02,0.07817121091770984,0.9218287890822902,Down,Up
2016-08-03,0.08807273768054813,0.9119272623194519,Down,Up
2016-08-04,0.08719708626808265,0.9128029137319174,Down,Up
2016-08-05,0.07173775296720974,0.9282622470327903,Down,Up
2016-08-08,0.06867186497532429,0.9313281350246757,Down,Up
2016-08-09,0.07228905073701053,0.9277109492629895,Down,Up
2016-08-10,0.08476349516980852,0.9152365048301915,Down,Up
2016-08-11,0.08258863172577757,0.9174113682742224,Down,Up
2016-08-12,0.0732915200708345,0.9267084799291655,Down,Up
2016-08-16,0.07665572649357988,0.9233442735064201,Down,Down
2016-08-17,0.07887672779510901,0.921123272204891,Down,Down
2016-08-18,0.07350559621999286,0.9264944037800071,Down,Up
2016-08-19,0.07396710647427718,0.9260328935257228,Down,Up
2016-08-22,0.07866004109768943,0.9213399589023106,Down,Up
2016-08-23,0.07287663281020862,0.9271233671897914,Down,Up
2016-08-24,0.07094595698611161,0.9290540430138884,Down,Up
2016-08-25,0.07759494600737571,0.9224050539926243,Down,Up
2016-08-26,0.08288133177335133,0.9171186682266487,Down,Up
2016-08-29,0.07857056580979749,0.9214294341902025,Down,Down
2016-08-30,0.06396388397406816,0.9360361160259318,Down,Down
2016-08-31,0.05976008718967851,0.9402399128103215,Down,Down
2016-09-01,0.06089097359647855,0.9391090264035215,Down,Down
2016-09-02,0.057857346493796036,0.942142653506204,Down,Down
2016-09-06,0.04643553244410159,0.9535644675558984,Down,Down
2016-09-07,0.04852879508745678,0.9514712049125432,Down,Down
2016-09-08,0.046009489851535856,0.9539905101484641,Down,Down
2016-09-09,0.05293046275959956,0.9470695372404004,Down,Down
2016-09-12,0.0675980807319102,0.9324019192680898,Down,Down
2016-09-14,0.06652589576053769,0.9334741042394623,Down,Down
2016-09-15,0.0647470944926628,0.9352529055073372,Down,Down
2016-09-16,0.0612005932009817,0.9387994067990183,Down,Down
2016-09-19,0.05851221804677165,0.9414877819532284,Down,Down
2016-09-20,0.061703669426822594,0.9382963305731774,Down,Down
2016-09-21,0.06002915772710393,0.9399708422728961,Down,Down
2016-09-22,0.0525159188413824,0.9474840811586176,Down,Down
2016-09-23,0.055783551463970404,0.9442164485360296,Down,Down
2016-09-26,0.0663845977339319,0.9336154022660681,Down,Down
2016-09-27,0.06796189983817169,0.9320381001618283,Down,Down
2016-09-28,0.06541287319095657,0.9345871268090434,Down,Down
2016-09-29,0.08434042066546743,0.9156595793345326,Down,Down
2016-09-30,0.0894787860943278,0.9105212139056722,Down,Down
2016-10-03,0.07215082388865623,0.9278491761113438,Down,Down
2016-10-04,0.0663882780221906,0.9336117219778094,Down,Down
2016-10-05,0.08828367031664464,0.9117163296833554,Down,Down
2016-10-06,0.08423161271857627,0.9157683872814237,Down,Down
2016-10-07,0.08567347036207396,0.914326529637926,Down,Down
2016-10-10,0.09278234285917297,0.907217657140827,Down,Down
2016-10-13,0.10184934902597509,0.8981506509740249,Down,Down
2016-10-14,0.11155297725583324,0.8884470227441668,Down,Down
2016-10-17,0.11049340996743173,0.8895065900325683,Down,Down
2016-10-18,0.09896966887091196,0.901030331129088,Down,Down
2016-10-19,0.0925913429248898,0.9074086570751102,Down,Down
2016-10-20,0.08746203650487128,0.9125379634951287,Down,Down
2016-10-21,0.09866417308225117,0.9013358269177488,Down,Down
2016-10-24,0.09672070826476831,0.9032792917352317,Down,Down
2016-10-25,0.09877923207181993,0.9012207679281801,Down,Down
2016-10-26,0.09534053319788471,0.9046594668021153,Down,Down
2016-10-27,0.09640246496875593,0.9035975350312441,Down,Down
2016-10-28,0.09350724866783144,0.9064927513321686,Down,Down
2016-10-30,0.09504295970908139,0.9049570402909186,Down,Down
2016-11-01,0.09512718286366495,0.904872817136335,Down,Down
2016-11-02,0.11079273201037354,0.8892072679896265,Down,Down
2016-11-03,0.11533666326566694,0.8846633367343331,Down,Down
2016-11-04,0.12709766066155492,0.8729023393384451,Down,Down
2016-11-07,0.13081128647435303,0.869188713525647,Down,Down
2016-11-08,0.1371849203376574,0.8628150796623426,Down,Down
2016-11-09,0.14305785346189426,0.8569421465381057,Down,Down
2016-11-10,0.12913387098694484,0.8708661290130552,Down,Down
2016-11-11,0.1755515370090286,0.8244484629909714,Down,Down
2016-11-15,0.22865545952362587,0.7713445404763741,Down,Down
2016-11-16,0.20731131153175553,0.7926886884682445,Down,Down
2016-11-17,0.2183512485647432,0.7816487514352568,Down,Up
2016-11-18,0.22530836957378453,0.7746916304262155,Down,Up
2016-11-21,0.2449989387726812,0.7550010612273188,Down,Up
2016-11-22,0.2280134876009623,0.7719865123990377,Down,Up
2016-11-23,0.22019984194354514,0.7798001580564549,Down,Up
2016-11-24,0.23607455864063343,0.7639254413593666,Down,Up
2016-11-25,0.21602464197095028,0.7839753580290497,Down,Up
2016-11-28,0.21352227036313998,0.78647772963686,Down,Up
2016-11-29,0.22385624486920708,0.7761437551307929,Down,Up
2016-11-30,0.20856569042035733,0.7914343095796427,Down,Up
2016-12-01,0.21532992041474397,0.784670079585256,Down,Up
2016-12-02,0.24001520750214234,0.7599847924978577,Down,Up
2016-12-05,0.23198439171192464,0.7680156082880754,Down,Up
2016-12-06,0.21294075254015,0.78705924745985,Down,Up
2016-12-07,0.23744939425004485,0.7625506057499551,Down,Up
2016-12-08,0.19089360143891532,0.8091063985610847,Down,Up
2016-12-09,0.18778464814756757,0.8122153518524324,Down,Up
2016-12-12,0.22254335440256467,0.7774566455974353,Down,Up
2016-12-13,0.2106571114220227,0.7893428885779773,Down,Up
2016-12-14,0.22004026526719844,0.7799597347328016,Down,Up
2016-12-15,0.22618623593003284,0.7738137640699672,Down,Up
2016-12-16,0.22975138909243564,0.7702486109075644,Down,Up
2016-12-19,0.23606720286274685,0.7639327971372532,Down,Up
2016-12-20,0.24152769928728102,0.758472300712719,Down,Up
2016-12-21,0.2488998559496588,0.7511001440503412,Down,Up
2016-12-22,0.2471025444913365,0.7528974555086635,Down,Up
2016-12-23,0.22820189379209221,0.7717981062079078,Down,Up
2016-12-26,0.23092295935117801,0.769077040648822,Down,Up
2016-12-27,0.20188662023772896,0.798113379762271,Down,Up
2016-12-28,0.2011064233164146,0.7988935766835854,Down,Up
2016-12-29,0.1867264830156924,0.8132735169843076,Down,Up
2016-12-30,0.18364099774692288,0.8163590022530771,Down,Up
2017-01-02,0.17227835711966932,0.8277216428803307,Down,Up
2017-01-03,0.16933269444401067,0.8306673055559893,Down,Up
2017-01-04,0.1830075715676316,0.8169924284323684,Down,Up
2017-01-05,0.16579328872797106,0.834206711272029,Down,Up
2017-01-06,0.17172256606226055,0.8282774339377394,Down,Up
2017-01-09,0.17328089133540592,0.8267191086645941,Down,Up
2017-01-10,0.15038719247614796,0.849612807523852,Down,Up
2017-01-11,0.14839613683255948,0.8516038631674405,Down,Up
2017-01-12,0.14308736606618444,0.8569126339338156,Down,Up
2017-01-13,0.1451587386549157,0.8548412613450843,Down,Up
2017-01-16,0.1431965734177555,0.8568034265822445,Down,Up
2017-01-17,0.1499812843528633,0.8500187156471367,Down,Up
2017-01-18,0.15073388252923592,0.8492661174707641,Down,Up
2017-01-19,0.14738811614176495,0.852611883858235,Down,Up
2017-01-20,0.15220729245452824,0.8477927075454718,Down,Up
2017-01-23,0.14479716739907056,0.8552028326009294,Down,Up
2017-01-24,0.1344068463179766,0.8655931536820234,Down,Up
2017-01-25,0.11405443290258654,0.8859455670974135,Down,Up
2017-01-27,0.11298520376591237,0.8870147962340876,Down,Up
2017-01-30,0.11414551623242719,0.8858544837675728,Down,Up
2017-01-31,0.12116341343290116,0.8788365865670988,Down,Up
2017-02-01,0.09864495258654948,0.9013550474134505,Down,Up
2017-02-02,0.09319331696219402,0.906806683037806,Down,Up
2017-02-03,0.09773514672630645,0.9022648532736935,Down,Up
2017-02-06,0.09086409557599062,0.9091359044240094,Down,Up
2017-02-07,0.09683656577103328,0.9031634342289667,Down,Up
2017-02-08,0.09842393905199764,0.9015760609480024,Down,Up
2017-02-09,0.09693748535711844,0.9030625146428816,Down,Up
2017-02-10,0.09550294649844826,0.9044970535015517,Down,Up
2017-02-13,0.10539903140575013,0.8946009685942499,Down,Up
2017-02-14,0.11089330695886102,0.889106693041139,Down,Up
2017-02-15,0.12308174114608428,0.8769182588539157,Down,Up
2017-02-16,0.10935048244765344,0.8906495175523466,Down,Up
2017-02-17,0.10829773824883482,0.8917022617511652,Down,Up
2017-02-20,0.10351316291858881,0.8964868370814112,Down,Up
2017-02-21,0.09937447580676428,0.9006255241932357,Down,Up
2017-02-22,0.09689182055758416,0.9031081794424158,Down,Up
2017-02-23,0.09492877954741474,0.9050712204525853,Down,Up
2017-02-27,0.10267208662711025,0.8973279133728898,Down,Up
2017-02-28,0.10701762390325031,0.8929823760967497,Down,Up
2017-03-01,0.09811864468210885,0.9018813553178912,Down,Up
2017-03-02,0.1082073249989024,0.8917926750010976,Down,Up
2017-03-03,0.10883685857061476,0.8911631414293852,Down,Up
2017-03-06,0.0997979898914989,0.9002020101085011,Down,Up
2017-03-07,0.10193218456707265,0.8980678154329274,Down,Up
2017-03-08,0.10519648184899033,0.8948035181510097,Down,Up
2017-03-09,0.10471206959665247,0.8952879304033475,Down,Up
2017-03-10,0.1036868600158356,0.8963131399841644,Down,Up
2017-03-14,0.08447750116069042,0.9155224988393096,Down,Up
2017-03-15,0.08451452075828547,0.9154854792417145,Down,Up
2017-03-16,0.07661689121941484,0.9233831087805852,Down,Up
2017-03-17,0.07626279565369354,0.9237372043463065,Down,Up
2017-03-20,0.0797722388427694,0.9202277611572306,Down,Up
2017-03-21,0.0807119084322172,0.9192880915677828,Down,Up
2017-03-22,0.09142081596671758,0.9085791840332824,Down,Up
2017-03-23,0.08488335609195796,0.915116643908042,Down,Up
2017-03-24,0.08221250115733691,0.9177874988426631,Down,Up
2017-03-27,0.08968877591596214,0.9103112240840379,Down,Up
2017-03-28,0.08321644460672162,0.9167835553932784,Down,Up
2017-03-29,0.07837969769412956,0.9216203023058704,Down,Up
2017-03-30,0.0750428945833439,0.9249571054166561,Down,Up
2017-03-31,0.10145986977771948,0.8985401302222805,Down,Up
2017-04-03,0.09336453288677049,0.9066354671132295,Down,Up
2017-04-05,0.09001801710048773,0.9099819828995123,Down,Up
2017-04-06,0.09054798811477771,0.9094520118852223,Down,Up
2017-04-07,0.09857895803802263,0.9014210419619774,Down,Up
2017-04-10,0.10068913670245372,0.8993108632975463,Down,Up
2017-04-11,0.09364169376135056,0.9063583062386494,Down,Up
2017-04-12,0.09821728655079587,0.9017827134492041,Down,Up
2017-04-13,0.10509501827641055,0.8949049817235895,Down,Up
2017-04-17,0.1067873959450083,0.8932126040549917,Down,Up
2017-04-18,0.11179256245113389,0.8882074375488661,Down,Up
2017-04-19,0.11184676742885968,0.8881532325711403,Down,Up
2017-04-20,0.10746054513345005,0.89253945486655,Down,Up
2017-04-21,0.10972536936933208,0.8902746306306679,Down,Up
2017-04-24,0.0944734873028572,0.9055265126971428,Down,Up
2017-04-25,0.08354683440276855,0.9164531655972314,Down,Up
2017-04-26,0.07868863782397906,0.9213113621760209,Down,Up
2017-04-27,0.07963769913888974,0.9203623008611103,Down,Up
2017-04-28,0.08417564798003441,0.9158243520199656,Down,Up
2017-05-02,0.08285243417049237,0.9171475658295076,Down,Up
2017-05-03,0.08336486658376607,0.9166351334162339,Down,Up
2017-05-04,0.07808247845030569,0.9219175215496943,Down,Up
2017-05-05,0.08624003298978189,0.9137599670102181,Down,Up
2017-05-08,0.08306381926291673,0.9169361807370833,Down,Up
2017-05-09,0.08265709549846467,0.9173429045015353,Down,Up
2017-05-10,0.07320323191312306,0.9267967680868769,Down,Up
2017-05-11,0.07161112340674125,0.9283888765932587,Down,Up
2017-05-12,0.07371350516225572,0.9262864948377443,Down,Up
2017-05-15,0.06929960471261731,0.9307003952873827,Down,Up
2017-05-16,0.06286275477597181,0.9371372452240282,Down,Down
2017-05-17,0.03214075966018781,0.9678592403398122,Down,Down
2017-05-18,0.03975661864952562,0.9602433813504744,Down,Up
2017-05-19,0.03983472784581943,0.9601652721541806,Down,Up
2017-05-22,0.039145105688051296,0.9608548943119487,Down,Up
2017-05-23,0.042885237935812004,0.957114762064188,Down,Up
2017-05-24,0.04490463736856454,0.9550953626314355,Down,Up
2017-05-25,0.04088747010217397,0.959112529897826,Down,Up
2017-05-26,0.057895703469661886,0.9421042965303381,Down,Up
2017-05-29,0.05829208324405688,0.9417079167559431,Down,Up
2017-05-30,0.0566497393523987,0.9433502606476013,Down,Up
2017-05-31,0.05703831002713711,0.9429616899728629,Down,Up
2017-06-01,0.05744104228106184,0.9425589577189382,Down,Up
2017-06-02,0.054492558720323214,0.9455074412796768,Down,Up
2017-06-05,0.05390155750346337,0.9460984424965366,Down,Up
2017-06-06,0.05731135890678751,0.9426886410932125,Down,Up
2017-06-07,0.05305867781821849,0.9469413221817815,Down,Up
2017-06-08,0.0547396319374972,0.9452603680625028,Down,Up
2017-06-09,0.05646995194707782,0.9435300480529222,Down,Up
2017-06-12,0.0610663916298253,0.9389336083701747,Down,Up
2017-06-13,0.06040782324072824,0.9395921767592718,Down,Up
2017-06-14,0.05976536605712224,0.9402346339428778,Down,Up
2017-06-15,0.06344177070362322,0.9365582292963768,Down,Up
2017-06-16,0.07082962991496733,0.9291703700850327,Down,Up
2017-06-19,0.05715853701687679,0.9428414629831232,Down,Up
2017-06-20,0.05754924350113033,0.9424507564988697,Down,Up
2017-06-21,0.059353795155272726,0.9406462048447273,Down,Up
2017-06-22,0.053347192133495036,0.946652807866505,Down,Up
2017-06-23,0.05740827520460745,0.9425917247953925,Down,Up
2017-06-27,0.06314960394276126,0.9368503960572387,Down,Up
2017-06-28,0.06544552205684806,0.9345544779431519,Down,Up
2017-06-29,0.06399830030781872,0.9360016996921813,Down,Up
2017-06-30,0.06259240633473728,0.9374075936652627,Down,Up
2017-07-03,0.05432839316117721,0.9456716068388228,Down,Up
2017-07-04,0.054390998696643766,0.9456090013033562,Down,Up
2017-07-05,0.052513692954495705,0.9474863070455043,Down,Up
2017-07-06,0.049757602484605146,0.9502423975153949,Down,Up
2017-07-07,0.05045123511939975,0.9495487648806002,Down,Up
2017-07-10,0.0427036393090684,0.9572963606909316,Down,Down
2017-07-11,0.04170081003563275,0.9582991899643672,Down,Up
2017-07-12,0.03994317811725678,0.9600568218827432,Down,Up
2017-07-13,0.035380459732435865,0.9646195402675641,Down,Up
2017-07-14,0.03662244069205567,0.9633775593079443,Down,Down
2017-07-17,0.03552835925262643,0.9644716407473736,Down,Down
2017-07-18,0.03726699933821709,0.9627330006617829,Down,Up
2017-07-19,0.033187808171987854,0.9668121918280121,Down,Up
2017-07-20,0.03461261925310333,0.9653873807468967,Down,Up
2017-07-21,0.03247108072993432,0.9675289192700657,Down,Up
2017-07-24,0.02983834002658381,0.9701616599734162,Down,Down
2017-07-25,0.029910623172279327,0.9700893768277207,Down,Down
2017-07-26,0.02765297437838654,0.9723470256216135,Down,Down
2017-07-27,0.027926911145939037,0.972073088854061,Down,Down
2017-07-28,0.02800586064172428,0.9719941393582757,Down,Up
2017-07-31,0.025703072199642074,0.9742969278003579,Down,Up
2017-08-01,0.024734728993206168,0.9752652710067938,Down,Down
2017-08-02,0.026961387922437297,0.9730386120775627,Down,Up
2017-08-03,0.029527869088666003,0.970472130911334,Down,Up
2017-08-04,0.02749599513171186,0.9725040048682881,Down,Up
2017-08-07,0.026472241836546506,0.9735277581634535,Down,Up
2017-08-08,0.029791787717400986,0.970208212282599,Down,Up
2017-08-09,0.03387007774735529,0.9661299222526447,Down,Up
2017-08-10,0.03987273839507188,0.9601272616049281,Down,Up
2017-08-11,0.046968022213194405,0.9530319777868056,Down,Up
2017-08-14,0.041025124196810925,0.9589748758031891,Down,Down
2017-08-16,0.034805784877444235,0.9651942151225558,Down,Down
2017-08-17,0.034429494849022024,0.965570505150978,Down,Down
2017-08-18,0.03923931490453236,0.9607606850954676,Down,Up
2017-08-21,0.04213154215089088,0.9578684578491091,Down,Up
2017-08-22,0.035766641806995736,0.9642333581930043,Down,Up
2017-08-23,0.03145759262848291,0.9685424073715171,Down,Up
2017-08-24,0.031128985105429607,0.9688710148945704,Down,Up
2017-08-28,0.0284257573892317,0.9715742426107683,Down,Up
2017-08-29,0.03473487592115254,0.9652651240788475,Down,Up
2017-08-30,0.029941663443904254,0.9700583365560957,Down,Up
2017-08-31,0.02846044465068387,0.9715395553493161,Down,Up
2017-09-01,0.022153153154528926,0.9778468468454711,Down,Up
2017-09-04,0.02483290092188517,0.9751670990781148,Down,Up
2017-09-05,0.022624477971314394,0.9773755220286856,Down,Up
2017-09-06,0.02416154740436527,0.9758384525956347,Down,Up
2017-09-07,0.024075519961779035,0.975924480038221,Down,Up
2017-09-08,0.02399004063072996,0.97600995936927,Down,Up
2017-09-11,0.020811407602289944,0.9791885923977101,Down,Up
2017-09-12,0.018787020845009383,0.9812129791549906,Down,Up
2017-09-13,0.01928008281916782,0.9807199171808322,Down,Up
2017-09-14,0.01908413864210734,0.9809158613578927,Down,Up
2017-09-15,0.01930092404623107,0.9806990759537689,Down,Up
2017-09-18,0.017050021288215644,0.9829499787117844,Down,Up
2017-09-19,0.017377896616035837,0.9826221033839642,Down,Up
2017-09-20,0.017580705329906077,0.9824192946700939,Down,Up
2017-09-21,0.018302189086444764,0.9816978109135552,Down,Up
2017-09-22,0.024096227759101918,0.9759037722408981,Down,Up
2017-09-25,0.028400253299729394,0.9715997467002706,Down,Up
2017-09-26,0.028479190594716153,0.9715208094052838,Down,Up
2017-09-27,0.03580028660313639,0.9641997133968636,Down,Up
2017-09-28,0.0340949793584604,0.9659050206415396,Down,Up
2017-09-29,0.03438127013881942,0.9656187298611806,Down,Up
2017-10-03,0.030690398683719144,0.9693096013162809,Down,Up
2017-10-04,0.028056389244073277,0.9719436107559267,Down,Up
2017-10-05,0.029264627961553713,0.9707353720384463,Down,Up
2017-10-06,0.02519147333348415,0.9748085266665159,Down,Up
2017-10-09,0.02475823215463635,0.9752417678453636,Down,Up
2017-10-10,0.023688628945086054,0.976311371054914,Down,Up
2017-10-11,0.02508358086917939,0.9749164191308206,Down,Up
2017-10-12,0.020785455967567423,0.9792145440324326,Down,Up
2017-10-13,0.018271375704400517,0.9817286242955995,Down,Up
2017-10-16,0.016614955122384534,0.9833850448776155,Down,Up
2017-10-17,0.017048233681334124,0.9829517663186659,Down,Up
2017-10-18,0.018122347432933505,0.9818776525670665,Down,Up
2017-10-19,0.020337392212709582,0.9796626077872904,Down,Down
2017-10-23,0.01918123869198962,0.9808187613080104,Down,Down
2017-10-24,0.018591001926169803,0.9814089980738302,Down,Down
2017-10-25,0.016096164710215022,0.983903835289785,Down,Down
2017-10-26,0.0150455682443843,0.9849544317556157,Down,Down
2017-10-27,0.01578629006594401,0.984213709934056,Down,Down
2017-10-30,0.014759182129110981,0.985240817870889,Down,Down
2017-10-31,0.01952428311584653,0.9804757168841535,Down,Down
2017-11-01,0.0181506842961624,0.9818493157038376,Down,Down
2017-11-02,0.016513715871228185,0.9834862841287718,Down,Down
2017-11-03,0.013966116134960793,0.9860338838650392,Down,Down
2017-11-06,0.015410090011760968,0.984589909988239,Down,Down
2017-11-07,0.018581346820889078,0.9814186531791109,Down,Up
2017-11-08,0.020109435947704424,0.9798905640522956,Down,Up
2017-11-09,0.021028475561973736,0.9789715244380263,Down,Up
2017-11-10,0.020529706206955267,0.9794702937930447,Down,Up
2017-11-13,0.026195359139737917,0.9738046408602621,Down,Up
2017-11-14,0.02803254400687416,0.9719674559931258,Down,Up
2017-11-15,0.03132879536948319,0.9686712046305168,Down,Up
2017-11-16,0.026909870643430978,0.973090129356569,Down,Up
2017-11-17,0.023963606139336013,0.976036393860664,Down,Up
2017-11-20,0.023403604601267558,0.9765963953987324,Down,Up
2017-11-21,0.023166617284286373,0.9768333827157136,Down,Up
2017-11-22,0.0203014750276882,0.9796985249723118,Down,Up
2017-11-23,0.01928603339666335,0.9807139666033367,Down,Up
2017-11-24,0.01794669958469708,0.9820533004153029,Down,Up
2017-11-27,0.017758573872252104,0.9822414261277479,Down,Up
2017-11-28,0.018838100542021285,0.9811618994579787,Down,Up
2017-11-29,0.019156804685261597,0.9808431953147384,Down,Up
2017-11-30,0.02431048890472698,0.975689511095273,Down,Up
2017-12-01,0.02885662214064666,0.9711433778593533,Down,Up
2017-12-04,0.028740105058250975,0.971259894941749,Down,Up
2017-12-05,0.029183068029483117,0.9708169319705169,Down,Up
2017-12-06,0.032970073278131395,0.9670299267218686,Down,Up
2017-12-07,0.027139862815680593,0.9728601371843194,Down,Up
2017-12-08,0.02309676043173048,0.9769032395682695,Down,Up
2017-12-11,0.020678754063011895,0.9793212459369881,Down,Up
2017-12-12,0.023858128366385234,0.9761418716336148,Down,Up
2017-12-13,0.02586667024091127,0.9741333297590887,Down,Up
2017-12-14,0.023516669563874104,0.9764833304361259,Down,Up
2017-12-15,0.02049632563164816,0.9795036743683518,Down,Up
2017-12-18,0.0186977623122232,0.9813022376877768,Down,Up
2017-12-19,0.01646044135530922,0.9835395586446908,Down,Up
2017-12-20,0.01698975657418289,0.9830102434258171,Down,Up
2017-12-21,0.017167851488590347,0.9828321485114097,Down,Up
2017-12-22,0.015854235789242277,0.9841457642107577,Down,Up
2017-12-26,0.014830361308702189,0.9851696386912978,Down,Down
2017-12-27,0.01608341231579158,0.9839165876842084,Down,Up
2017-12-28,0.016474679309749662,0.9835253206902503,Down,Down
2017-12-29,0.015422553093285218,0.9845774469067148,Down,Up
2018-01-01,0.018271676033692952,0.981728323966307,Down,Up
2018-01-02,0.018077463306463648,0.9819225366935364,Down,Up
2018-01-03,0.018138177669779543,0.9818618223302205,Down,Up
2018-01-04,0.01630206030673198,0.983697939693268,Down,Down
2018-01-05,0.01494562190926807,0.9850543780907319,Down,Down
2018-01-08,0.013309651043676207,0.9866903489563238,Down,Down
2018-01-09,0.013079861755475042,0.986920138244525,Down,Down
2018-01-10,0.013227694469895579,0.9867723055301044,Down,Down
2018-01-11,0.012816142513722095,0.9871838574862779,Down,Down
2018-01-12,0.012413310847898873,0.9875866891521011,Down,Down
2018-01-15,0.014561834316744071,0.9854381656832559,Down,Down
2018-01-16,0.01566935851675466,0.9843306414832453,Down,Down
2018-01-17,0.013481853595082138,0.9865181464049179,Down,Down
2018-01-18,0.012875308125685603,0.9871246918743144,Down,Down
2018-01-19,0.01128382896631952,0.9887161710336805,Down,Down
2018-01-22,0.00993811837154912,0.9900618816284509,Down,Down
2018-01-23,0.008671928933949302,0.9913280710660507,Down,Down
2018-01-24,0.009740748988445347,0.9902592510115547,Down,Down
2018-01-25,0.010147808640726952,0.989852191359273,Down,Down
2018-01-29,0.009467916434492296,0.9905320835655077,Down,Down
2018-01-30,0.011007778316259764,0.9889922216837402,Down,Down
2018-01-31,0.011133920376598216,0.9888660796234018,Down,Down
2018-02-01,0.01134160289417896,0.988658397105821,Down,Down
2018-02-02,0.029887367485607497,0.9701126325143925,Down,Down
2018-02-05,0.03512785988887146,0.9648721401111285,Down,Down
2018-02-06,0.04485362164917239,0.9551463783508276,Down,Down
2018-02-07,0.04622113934227001,0.95377886065773,Down,Down
2018-02-08,0.040250559960638754,0.9597494400393612,Down,Down
2018-02-09,0.047705735216580614,0.9522942647834194,Down,Down
2018-02-12,0.04232310671444783,0.9576768932855522,Down,Down
2018-02-14,0.045176401648319375,0.9548235983516806,Down,Down
2018-02-15,0.04319301218397409,0.9568069878160259,Down,Down
2018-02-16,0.04663165529046054,0.9533683447095395,Down,Down
2018-02-19,0.05169859108067132,0.9483014089193287,Down,Down
2018-02-20,0.05323975864792041,0.9467602413520796,Down,Down
2018-02-21,0.050676972974997625,0.9493230270250024,Down,Down
2018-02-22,0.04249148187941998,0.95750851812058,Down,Up
2018-02-23,0.036504307414080284,0.9634956925859197,Down,Down
2018-02-26,0.03240051952754186,0.9675994804724581,Down,Down
2018-02-27,0.0340736432264338,0.9659263567735662,Down,Down
2018-02-28,0.03826307076046642,0.9617369292395336,Down,Up
2018-03-01,0.0404199723446228,0.9595800276553772,Down,Up
2018-03-05,0.04520932058552474,0.9547906794144753,Down,Up
2018-03-06,0.05605328628340467,0.9439467137165953,Down,Up
2018-03-07,0.06358565601474109,0.9364143439852589,Down,Up
2018-03-08,0.05681231680308918,0.9431876831969108,Down,Up
2018-03-09,0.05782076621036558,0.9421792337896344,Down,Up
2018-03-12,0.04446683055244971,0.9555331694475503,Down,Up
2018-03-13,0.044270857486205184,0.9557291425137948,Down,Up
2018-03-14,0.04537182805762929,0.9546281719423707,Down,Up
2018-03-15,0.04892802307585087,0.9510719769241491,Down,Up
2018-03-16,0.06142666443419387,0.9385733355658061,Down,Up
2018-03-19,0.0705800181557743,0.9294199818442257,Down,Up
2018-03-20,0.06774296925336254,0.9322570307466375,Down,Up
2018-03-21,0.06534660235255563,0.9346533976474444,Down,Up
2018-03-22,0.06858635750733655,0.9314136424926635,Down,Up
2018-03-23,0.07973236473378598,0.920267635266214,Down,Up
2018-03-26,0.0676439726957353,0.9323560273042647,Down,Up
2018-03-27,0.06320075107393297,0.936799248926067,Down,Up
2018-03-28,0.06922153339689452,0.9307784666031055,Down,Up
2018-04-02,0.04753891555199696,0.952461084448003,Down,Up
2018-04-03,0.0454850936430351,0.9545149063569649,Down,Up
2018-04-04,0.05362913191323471,0.9463708680867653,Down,Up
2018-04-05,0.04062108344776161,0.9593789165522384,Down,Up
2018-04-06,0.040215734764055155,0.9597842652359448,Down,Up
2018-04-09,0.03776141606448846,0.9622385839355115,Down,Up
2018-04-10,0.03649916431169198,0.963500835688308,Down,Up
2018-04-11,0.03569513690501891,0.9643048630949811,Down,Up
2018-04-12,0.033675152083664006,0.966324847916336,Down,Up
2018-04-13,0.03273141375373234,0.9672685862462677,Down,Up
2018-04-16,0.03046655857006797,0.969533441429932,Down,Up
2018-04-17,0.029603982597363077,0.9703960174026369,Down,Up
2018-04-18,0.030592111019159707,0.9694078889808403,Down,Up
2018-04-19,0.02881325307186533,0.9711867469281347,Down,Up
2018-04-20,0.029057557288963753,0.9709424427110362,Down,Up
2018-04-23,0.02822923488394291,0.9717707651160571,Down,Up
2018-04-24,0.02690878645869499,0.973091213541305,Down,Up
2018-04-25,0.028881069043158347,0.9711189309568417,Down,Up
2018-04-26,0.026858461475887108,0.9731415385241129,Down,Up
2018-04-27,0.024017242905432945,0.975982757094567,Down,Up
2018-04-30,0.022299045727937283,0.9777009542720627,Down,Up
2018-05-02,0.023226550599854012,0.976773449400146,Down,Up
2018-05-03,0.024659060092283136,0.9753409399077169,Down,Up
2018-05-04,0.02717157211602872,0.9728284278839713,Down,Up
2018-05-07,0.023397237910702917,0.9766027620892971,Down,Up
2018-05-08,0.023447523005279858,0.9765524769947201,Down,Down
2018-05-09,0.022618023833167022,0.977381976166833,Down,Up
2018-05-10,0.023568771264030453,0.9764312287359695,Down,Up
2018-05-11,0.020500699189315297,0.9794993008106847,Down,Up
2018-05-14,0.020551730870999485,0.9794482691290005,Down,Down
2018-05-15,0.020737860323399304,0.9792621396766007,Down,Down
2018-05-16,0.02290714793350923,0.9770928520664908,Down,Down
2018-05-17,0.025105155343985608,0.9748948446560144,Down,Down
2018-05-18,0.029401312869599572,0.9705986871304004,Down,Up
2018-05-21,0.03306522967673886,0.9669347703232611,Down,Up
2018-05-22,0.03213774954728199,0.967862250452718,Down,Up
2018-05-23,0.03782195262431376,0.9621780473756862,Down,Up
2018-05-24,0.03343974701025554,0.9665602529897445,Down,Up
2018-05-25,0.030229117864631894,0.9697708821353681,Down,Up
2018-05-28,0.016037437602520965,0.983962562397479,Down,Up
2018-05-29,0.01802169813381116,0.9819783018661888,Down,Up
2018-05-30,0.01868388338424154,0.9813161166157585,Down,Up
2018-05-31,0.016626695522794277,0.9833733044772057,Down,Up
2018-06-01,0.0178235876169498,0.9821764123830502,Down,Up
2018-06-04,0.01998861873158575,0.9800113812684143,Down,Up
2018-06-05,0.021239689192082523,0.9787603108079175,Down,Up
2018-06-06,0.018331847180319327,0.9816681528196807,Down,Up
2018-06-07,0.01598606140051606,0.9840139385994839,Down,Up
2018-06-08,0.016032499198338823,0.9839675008016612,Down,Up
2018-06-11,0.014044418035343953,0.985955581964656,Down,Up
2018-06-12,0.012888720493278605,0.9871112795067214,Down,Up
2018-06-13,0.01348180568072499,0.986518194319275,Down,Up
2018-06-14,0.014683781930413864,0.9853162180695861,Down,Up
2018-06-15,0.014530284424587814,0.9854697155754122,Down,Up
2018-06-18,0.025224123602814896,0.9747758763971851,Down,Up
2018-06-19,0.028969669873246007,0.971030330126754,Down,Up
2018-06-20,0.02663312261653139,0.9733668773834686,Down,Up
2018-06-21,0.028212335918911924,0.9717876640810881,Down,Up
2018-06-22,0.024975510763992514,0.9750244892360075,Down,Up
2018-06-25,0.027477864395793916,0.9725221356042061,Down,Up
2018-06-26,0.036307611775325155,0.9636923882246748,Down,Up
2018-06-27,0.04300801792418951,0.9569919820758105,Down,Up
2018-06-28,0.047123305058324294,0.9528766949416757,Down,Up
2018-06-29,0.039121233518680576,0.9608787664813194,Down,Up
2018-07-02,0.04246929622989526,0.9575307037701047,Down,Up
2018-07-03,0.040387410042345806,0.9596125899576542,Down,Up
2018-07-04,0.03665857566215558,0.9633414243378444,Down,Up
2018-07-05,0.024465167251407682,0.9755348327485923,Down,Up
2018-07-06,0.025618241001484354,0.9743817589985156,Down,Up
2018-07-09,0.0226509321009708,0.9773490678990292,Down,Up
2018-07-10,0.019587836946693082,0.9804121630533069,Down,Up
2018-07-11,0.017812307600819977,0.98218769239918,Down,Up
2018-07-12,0.01574862468959537,0.9842513753104046,Down,Up
2018-07-13,0.01590464278116077,0.9840953572188392,Down,Up
2018-07-16,0.018328288442001295,0.9816717115579987,Down,Up
2018-07-17,0.016329418160016762,0.9836705818399832,Down,Up
2018-07-18,0.01715641987505434,0.9828435801249457,Down,Up
2018-07-19,0.017900968741504153,0.9820990312584958,Down,Up
2018-07-20,0.016370117378534665,0.9836298826214653,Down,Up
2018-07-23,0.014561209598476954,0.985438790401523,Down,Up
2018-07-24,0.013466482067222452,0.9865335179327775,Down,Up
2018-07-25,0.013516993357273188,0.9864830066427268,Down,Up
2018-07-26,0.012758990389417413,0.9872410096105826,Down,Up
2018-07-27,0.01061690140424576,0.9893830985957542,Down,Up
2018-07-30,0.00993509015762617,0.9900649098423738,Down,Up
2018-07-31,0.009299063870864877,0.9907009361291351,Down,Up
2018-08-01,0.009890193027258132,0.9901098069727419,Down,Up
2018-08-02,0.011828904964882536,0.9881710950351175,Down,Up
2018-08-03,0.00936178992611958,0.9906382100738804,Down,Down
2018-08-06,0.009207450945698636,0.9907925490543014,Down,Down
2018-08-07,0.009252176909263277,0.9907478230907367,Down,Down
2018-08-08,0.009502272957179314,0.9904977270428207,Down,Down
2018-08-09,0.010387505730929614,0.9896124942690704,Down,Down
2018-08-10,0.012664957261753429,0.9873350427382466,Down,Down
2018-08-13,0.012979528203540869,0.9870204717964591,Down,Down
2018-08-14,0.011208187722682839,0.9887918122773172,Down,Down
2018-08-16,0.012232634281973298,0.9877673657180267,Down,Down
2018-08-17,0.010632052696202599,0.9893679473037974,Down,Down
2018-08-20,0.009687085838469223,0.9903129141615308,Down,Down
2018-08-21,0.009469833017929252,0.9905301669820707,Down,Down
2018-08-23,0.009325692598565083,0.9906743074014349,Down,Down
2018-08-24,0.011234672786675892,0.9887653272133241,Down,Down
2018-08-27,0.007082313245444616,0.9929176867545554,Down,Down
2018-08-28,0.007451618831607387,0.9925483811683926,Down,Down
2018-08-29,0.008117940435388049,0.991882059564612,Down,Down
2018-08-30,0.00841080493553148,0.9915891950644685,Down,Down
2018-08-31,0.009150838496359559,0.9908491615036404,Down,Down
2018-09-03,0.010873606529626878,0.9891263934703731,Down,Down
2018-09-04,0.012102745065815101,0.9878972549341849,Down,Down
2018-09-05,0.013096635450498884,0.9869033645495011,Down,Down
2018-09-06,0.011901226461950576,0.9880987735380494,Down,Down
2018-09-07,0.011029257519185043,0.988970742480815,Down,Down
2018-09-10,0.01410821948229446,0.9858917805177055,Down,Down
2018-09-11,0.018004099452961775,0.9819959005470382,Down,Down
2018-09-12,0.015899250621346672,0.9841007493786533,Down,Down
2018-09-14,0.012605792838367491,0.9873942071616325,Down,Down
2018-09-17,0.01582936484754094,0.9841706351524591,Down,Down
2018-09-18,0.018527206824915043,0.981472793175085,Down,Down
2018-09-19,0.019915283024215413,0.9800847169757846,Down,Down
2018-09-21,0.022890732206064968,0.977109267793935,Down,Down
2018-09-24,0.02967455849289502,0.970325441507105,Down,Down
2018-09-25,0.02565182872367655,0.9743481712763234,Down,Down
2018-09-26,0.026333661553539,0.973666338446461,Down,Down
2018-09-27,0.02936130419724614,0.9706386958027539,Down,Down
2018-09-28,0.034001376245914594,0.9659986237540854,Down,Down
2018-10-01,0.030700752131845532,0.9692992478681545,Down,Down
2018-10-03,0.0377794360274053,0.9622205639725947,Down,Down
2018-10-04,0.05324582537939537,0.9467541746206046,Down,Up
2018-10-05,0.07515104154680485,0.9248489584531951,Down,Up
2018-10-08,0.07234174744470367,0.9276582525552963,Down,Up
2018-10-09,0.07674902623620561,0.9232509737637944,Down,Up
2018-10-10,0.06331578240091718,0.9366842175990828,Down,Up
2018-10-11,0.0830021722693619,0.9169978277306381,Down,Up
2018-10-12,0.06245914870052327,0.9375408512994767,Down,Up
2018-10-15,0.059712951501945666,0.9402870484980543,Down,Up
2018-10-16,0.05676895289729056,0.9432310471027094,Down,Up
2018-10-17,0.06721807084935816,0.9327819291506418,Down,Up
2018-10-19,0.08021797839436229,0.9197820216056377,Down,Up
2018-10-22,0.0874400456238209,0.9125599543761791,Down,Up
2018-10-23,0.09776330369802277,0.9022366963019772,Down,Up
2018-10-24,0.08961240259990777,0.9103875974000922,Down,Up
2018-10-25,0.10014321237911383,0.8998567876208862,Down,Up
2018-10-26,0.11153618963471867,0.8884638103652813,Down,Up
2018-10-29,0.08769378321032462,0.9123062167896754,Down,Up
2018-10-30,0.09192048631358696,0.908079513686413,Down,Up
2018-10-31,0.07423520811701712,0.9257647918829829,Down,Up
2018-11-01,0.07502795154924358,0.9249720484507564,Down,Up
2018-11-02,0.060883014058699114,0.9391169859413009,Down,Up
2018-11-05,0.06316310818992255,0.9368368918100775,Down,Up
2018-11-06,0.06353957025015733,0.9364604297498427,Down,Up
2018-11-07,0.058308919568864526,0.9416910804311355,Down,Up
2018-11-09,0.05927233116612174,0.9407276688338783,Down,Up
2018-11-12,0.06734603693762264,0.9326539630623774,Down,Up
2018-11-13,0.059693073714983114,0.9403069262850169,Down,Up
2018-11-14,0.06036047595031013,0.9396395240496899,Down,Up
2018-11-15,0.057383362001183436,0.9426166379988166,Down,Up
2018-11-16,0.0528437544212057,0.9471562455787943,Down,Up
2018-11-19,0.047831934443329005,0.952168065556671,Down,Up
2018-11-20,0.05494268808969671,0.9450573119103033,Down,Up
2018-11-21,0.05703568018945493,0.9429643198105451,Down,Up
2018-11-22,0.060737025890934326,0.9392629741090657,Down,Up
2018-11-26,0.05257373033187274,0.9474262696681273,Down,Up
2018-11-27,0.04887388339043164,0.9511261166095684,Down,Up
2018-11-28,0.046119426759608007,0.953880573240392,Down,Up
2018-11-29,0.03896054635871937,0.9610394536412806,Down,Down
2018-11-30,0.03816265692303289,0.9618373430769671,Down,Down
2018-12-03,0.03779558532519356,0.9622044146748064,Down,Up
2018-12-04,0.038497555313272924,0.9615024446867271,Down,Up
2018-12-05,0.04330353420110633,0.9566964657988937,Down,Up
2018-12-06,0.054832430568798385,0.9451675694312016,Down,Up
2018-12-07,0.04887509533969703,0.951124904660303,Down,Up
2018-12-10,0.06344732466281511,0.9365526753371849,Down,Up
2018-12-11,0.05883763347081894,0.9411623665291811,Down,Up
2018-12-12,0.0462259486936184,0.9537740513063816,Down,Up
2018-12-13,0.04313515489551223,0.9568648451044878,Down,Down
2018-12-14,0.042496262530869244,0.9575037374691308,Down,Down
2018-12-17,0.03810057151278512,0.9618994284872149,Down,Down
2018-12-18,0.037097067223944014,0.962902932776056,Down,Down
2018-12-19,0.034334024322814516,0.9656659756771855,Down,Down
2018-12-20,0.0349872654757305,0.9650127345242695,Down,Down
2018-12-21,0.045715342041764195,0.9542846579582358,Down,Up
2018-12-24,0.05146219231034488,0.9485378076896551,Down,Up
2018-12-26,0.04732438991435939,0.9526756100856406,Down,Up
2018-12-27,0.04442591295110565,0.9555740870488943,Down,Up
2018-12-28,0.04257827978194373,0.9574217202180563,Down,Up
2018-12-31,0.04241689898887835,0.9575831010111217,Down,Up
2019-01-01,0.039981028150275155,0.9600189718497248,Down,Down
2019-01-02,0.046645139316540796,0.9533548606834592,Down,Up
2019-01-03,0.054434622833626545,0.9455653771663735,Down,Up
2019-01-04,0.050915133841549,0.949084866158451,Down,Down
2019-01-07,0.04807979904745485,0.9519202009525451,Down,Down
2019-01-08,0.046369191063249326,0.9536308089367507,Down,Down
2019-01-09,0.04327244577294753,0.9567275542270525,Down,Down
2019-01-10,0.04525784285407264,0.9547421571459274,Down,Down
2019-01-11,0.047051798115072874,0.9529482018849271,Down,Down
2019-01-14,0.052385363866463086,0.9476146361335369,Down,Up
2019-01-15,0.04326166918148744,0.9567383308185126,Down,Down
2019-01-16,0.043094538028986995,0.956905461971013,Down,Down
2019-01-17,0.04221845443267902,0.957781545567321,Down,Down
2019-01-18,0.042736214105890014,0.95726378589411,Down,Down
2019-01-21,0.0405231178484553,0.9594768821515447,Down,Up
2019-01-22,0.03530516246299731,0.9646948375370027,Down,Up
2019-01-23,0.039980848408749825,0.9600191515912502,Down,Up
2019-01-24,0.04025987933477415,0.9597401206652258,Down,Up
2019-01-25,0.0442527296259968,0.9557472703740032,Down,Up
2019-01-28,0.051711299146531386,0.9482887008534686,Down,Up
2019-01-29,0.052046671519055066,0.9479533284809449,Down,Up
2019-01-30,0.05209839780671788,0.9479016021932821,Down,Up
2019-01-31,0.04165604411179358,0.9583439558882064,Down,Up
2019-02-01,0.038623222283797665,0.9613767777162023,Down,Up
2019-02-04,0.02713307377432006,0.9728669262256799,Down,Up
2019-02-05,0.026402107562764954,0.973597892437235,Down,Up
2019-02-06,0.021837244289036883,0.9781627557109631,Down,Up
2019-02-07,0.021633390860941737,0.9783666091390583,Down,Up
2019-02-08,0.02612885338851101,0.973871146611489,Down,Up
2019-02-11,0.028442369264338074,0.9715576307356619,Down,Up
2019-02-12,0.030549427553885677,0.9694505724461143,Down,Up
2019-02-13,0.03510421575315659,0.9648957842468434,Down,Up
2019-02-14,0.03555633185844753,0.9644436681415525,Down,Up
2019-02-15,0.03663307390336201,0.963366926096638,Down,Up
2019-02-18,0.04119678610772615,0.9588032138922739,Down,Up
2019-02-19,0.043322082287904684,0.9566779177120953,Down,Up
2019-02-20,0.03741576094408916,0.9625842390559108,Down,Up
2019-02-21,0.04160108638091087,0.9583989136190891,Down,Up
2019-02-22,0.041445535839716,0.958554464160284,Down,Up
2019-02-25,0.036974157363602655,0.9630258426363973,Down,Up
2019-02-26,0.039133210065963264,0.9608667899340367,Down,Up
2019-02-27,0.04072517310347412,0.9592748268965259,Down,Up
2019-02-28,0.0416912751320212,0.9583087248679788,Down,Up
2019-03-01,0.03803500448808139,0.9619649955119186,Down,Up
2019-03-05,0.02970280242647605,0.970297197573524,Down,Up
2019-03-06,0.027118029622519413,0.9728819703774806,Down,Up
2019-03-07,0.026861118112867177,0.9731388818871328,Down,Up
2019-03-08,0.02788141949153089,0.9721185805084691,Down,Up
2019-03-11,0.022985646763296397,0.9770143532367036,Down,Up
2019-03-12,0.01896555448359738,0.9810344455164026,Down,Up
2019-03-13,0.01787388544745616,0.9821261145525438,Down,Up
2019-03-14,0.017823911840143758,0.9821760881598562,Down,Up
2019-03-15,0.015777847728871697,0.9842221522711283,Down,Up
2019-03-18,0.014957022435547418,0.9850429775644526,Down,Up
2019-03-19,0.013464843660507708,0.9865351563394923,Down,Down
2019-03-20,0.013789147374857369,0.9862108526251426,Down,Down
2019-03-22,0.015340790391168424,0.9846592096088316,Down,Down
2019-03-25,0.018016548863236115,0.9819834511367639,Down,Down
2019-03-26,0.014786898178969832,0.9852131018210302,Down,Down
2019-03-27,0.01581774517334722,0.9841822548266528,Down,Down
2019-03-28,0.013035106497996996,0.986964893502003,Down,Down
2019-03-29,0.008513845463569036,0.991486154536431,Down,Down
2019-04-01,0.007900237814053135,0.9920997621859469,Down,Down
2019-04-02,0.007383156866478058,0.9926168431335219,Down,Up
2019-04-03,0.008420883827093384,0.9915791161729066,Down,Up
2019-04-04,0.009135674744704891,0.9908643252552951,Down,Up
2019-04-05,0.00820884993301374,0.9917911500669863,Down,Down
2019-04-08,0.009213287400691161,0.9907867125993088,Down,Up
2019-04-09,0.008279187219365602,0.9917208127806344,Down,Up
2019-04-10,0.009667392861942514,0.9903326071380575,Down,Up
2019-04-11,0.009549305995010249,0.9904506940049898,Down,Up
2019-04-12,0.00888329006300459,0.9911167099369954,Down,Up
2019-04-15,0.008266266357388585,0.9917337336426114,Down,Up
2019-04-16,0.0070925199982077025,0.9929074800017923,Down,Up
2019-04-18,0.007613476358213078,0.9923865236417869,Down,Up
2019-04-22,0.009945010251711794,0.9900549897482882,Down,Up
2019-04-23,0.01001887248456923,0.9899811275154308,Down,Up
2019-04-24,0.008130732827615672,0.9918692671723843,Down,Up
2019-04-25,0.009416580142856734,0.9905834198571433,Down,Up
2019-04-26,0.007903343301874699,0.9920966566981253,Down,Up
2019-04-30,0.008030634805475612,0.9919693651945244,Down,Up
2019-05-02,0.00843247617398013,0.9915675238260199,Down,Up
2019-05-03,0.008680905731536792,0.9913190942684632,Down,Down
2019-05-06,0.010547827286886635,0.9894521727131134,Down,Up
2019-05-07,0.012202005029440022,0.98779799497056,Down,Up
2019-05-08,0.015209661794277629,0.9847903382057224,Down,Up
2019-05-09,0.01662916133608916,0.9833708386639108,Down,Up
2019-05-10,0.017718396204166598,0.9822816037958334,Down,Up
2019-05-13,0.021678946030998625,0.9783210539690014,Down,Up
2019-05-14,0.019607695661572055,0.980392304338428,Down,Up
2019-05-15,0.02158299022991328,0.9784170097700867,Down,Up
2019-05-16,0.01874935677955958,0.9812506432204404,Down,Up
2019-05-17,0.01512869256935967,0.9848713074306403,Down,Up
2019-05-20,0.007958079298700294,0.9920419207012997,Down,Up
2019-05-21,0.009732385112268482,0.9902676148877315,Down,Up
2019-05-22,0.009571911763282759,0.9904280882367172,Down,Up
2019-05-23,0.010935069978230572,0.9890649300217694,Down,Up
2019-05-24,0.008466412472049933,0.9915335875279501,Down,Down
2019-05-27,0.007335083482374549,0.9926649165176255,Down,Down
2019-05-28,0.007370127751897271,0.9926298722481027,Down,Down
2019-05-29,0.00873181606653417,0.9912681839334658,Down,Down
2019-05-30,0.007722136494237031,0.992277863505763,Down,Down
2019-05-31,0.008631718603240746,0.9913682813967593,Down,Down
2019-06-03,0.006723449331034526,0.9932765506689655,Down,Down
2019-06-04,0.007581541748642895,0.9924184582513571,Down,Down
2019-06-06,0.010067738481170374,0.9899322615188296,Down,Down
2019-06-07,0.009726473153823578,0.9902735268461764,Down,Down
2019-06-10,0.00906300871862753,0.9909369912813725,Down,Down
2019-06-11,0.00860022080213163,0.9913997791978684,Down,Down
2019-06-12,0.00946279546667761,0.9905372045333224,Down,Down
2019-06-13,0.009485293734601608,0.9905147062653984,Down,Down
2019-06-14,0.010922214347851233,0.9890777856521488,Down,Down
2019-06-17,0.013677919611329359,0.9863220803886706,Down,Down
2019-06-18,0.013446101762864981,0.986553898237135,Down,Down
2019-06-19,0.013530315202403775,0.9864696847975962,Down,Down
2019-06-20,0.011098671279642702,0.9889013287203573,Down,Down
2019-06-21,0.01309053997162235,0.9869094600283776,Down,Down
2019-06-24,0.013635075752053694,0.9863649242479463,Down,Down
2019-06-25,0.011941121381288333,0.9880588786187117,Down,Down
2019-06-26,0.012596480248407094,0.9874035197515929,Down,Down
2019-06-27,0.012830471165247603,0.9871695288347524,Down,Down
2019-06-28,0.013593318667498688,0.9864066813325013,Down,Down
2019-07-01,0.01226522562298138,0.9877347743770186,Down,Down
2019-07-02,0.01158997469526879,0.9884100253047312,Down,Down
2019-07-03,0.011543395496292241,0.9884566045037078,Down,Down
2019-07-04,0.011165059451125336,0.9888349405488747,Down,Down
2019-07-05,0.013583345690354909,0.9864166543096451,Down,Down
2019-07-08,0.019249010831829616,0.9807509891681704,Down,Down
2019-07-09,0.019427162681929455,0.9805728373180705,Down,Down
2019-07-10,0.02182386474494913,0.9781761352550509,Down,Down
2019-07-11,0.019688667179046937,0.9803113328209531,Down,Down
2019-07-12,0.020518449326695998,0.979481550673304,Down,Down
2019-07-15,0.02060053488279623,0.9793994651172038,Down,Down
2019-07-16,0.018778738129704986,0.981221261870295,Down,Down
2019-07-17,0.01816109196799287,0.9818389080320071,Down,Down
2019-07-18,0.020628782908059695,0.9793712170919403,Down,Down
2019-07-19,0.02591890960688159,0.9740810903931184,Down,Down
2019-07-22,0.027495241480900212,0.9725047585190998,Down,Down
2019-07-23,0.028131319927325538,0.9718686800726745,Down,Down
2019-07-24,0.03041426495835986,0.9695857350416401,Down,Down
2019-07-25,0.031259968883566636,0.9687400311164334,Down,Down
2019-07-26,0.028910520458650946,0.971089479541349,Down,Down
2019-07-29,0.030942566171329844,0.9690574338286702,Down,Down
2019-07-30,0.0352480916017508,0.9647519083982492,Down,Down
2019-07-31,0.03396119726072733,0.9660388027392727,Down,Down
2019-08-01,0.04069790734884238,0.9593020926511576,Down,Down
2019-08-02,0.03999903061361987,0.9600009693863801,Down,Down
2019-08-05,0.04681441213914583,0.9531855878608542,Down,Up
2019-08-06,0.04246185327033525,0.9575381467296648,Down,Up
2019-08-07,0.04736276544252793,0.9526372345574721,Down,Up
2019-08-08,0.038142255662200086,0.9618577443377999,Down,Up
2019-08-09,0.03450454858170526,0.9654954514182947,Down,Up
2019-08-13,0.0415203161254567,0.9584796838745433,Down,Up
2019-08-14,0.03761189852330982,0.9623881014766902,Down,Up
2019-08-16,0.03607091266541673,0.9639290873345833,Down,Up
2019-08-19,0.03577815992882083,0.9642218400711792,Down,Up
2019-08-20,0.03744999564646112,0.9625500043535389,Down,Up
2019-08-21,0.042265889314729965,0.95773411068527,Down,Up
2019-08-22,0.051921212829371344,0.9480787871706287,Down,Up
2019-08-23,0.046963609205621704,0.9530363907943783,Down,Up
2019-08-26,0.03587659140080912,0.9641234085991909,Down,Up
2019-08-27,0.03406760534808928,0.9659323946519107,Down,Up
2019-08-28,0.036533091770995285,0.9634669082290047,Down,Up
2019-08-29,0.04106381878325638,0.9589361812167436,Down,Up
2019-08-30,0.03773947662086685,0.9622605233791331,Down,Up
2019-09-03,0.0531396221035394,0.9468603778964606,Down,Up
2019-09-04,0.05153182441443127,0.9484681755855687,Down,Up
2019-09-05,0.05019831104797179,0.9498016889520282,Down,Up
2019-09-06,0.04496876808900663,0.9550312319109934,Down,Up
2019-09-09,0.04217001498961492,0.9578299850103851,Down,Up
2019-09-11,0.040657380973824764,0.9593426190261752,Down,Up
2019-09-12,0.043294577578657734,0.9567054224213423,Down,Up
2019-09-13,0.03887850836968032,0.9611214916303197,Down,Up
2019-09-16,0.04220993326272293,0.9577900667372771,Down,Up
2019-09-17,0.05229916946316859,0.9477008305368314,Down,Up
2019-09-18,0.05094349949530852,0.9490565005046915,Down,Up
2019-09-19,0.059421252004076996,0.940578747995923,Down,Up
2019-09-20,0.03084130115046224,0.9691586988495378,Down,Up
2019-09-23,0.02057752416517311,0.9794224758348269,Down,Up
2019-09-24,0.020985694311824066,0.9790143056881759,Down,Up
2019-09-25,0.07120385690667597,0.928796143093324,Down,Up
2019-09-26,0.06256397497324429,0.9374360250267557,Down,Up
2019-09-27,0.05480779088209842,0.9451922091179016,Down,Up
2019-09-30,0.0568624995280228,0.9431375004719772,Down,Up
2019-10-01,0.06411224569337526,0.9358877543066247,Down,Up
2019-10-03,0.06701800873485753,0.9329819912651425,Down,Up
2019-10-04,0.07686628473406487,0.9231337152659351,Down,Up
2019-10-07,0.08054481464644458,0.9194551853535554,Down,Up
2019-10-09,0.06539970143060525,0.9346002985693947,Down,Up
2019-10-10,0.07073642071277908,0.9292635792872209,Down,Up
2019-10-11,0.06606699597086407,0.9339330040291359,Down,Up
2019-10-14,0.06356963900480095,0.936430360995199,Down,Up
2019-10-15,0.0582421515266921,0.9417578484733079,Down,Up
2019-10-16,0.056247162244731364,0.9437528377552686,Down,Up
2019-10-17,0.04959198454620872,0.9504080154537913,Down,Up
2019-10-18,0.04569302307978662,0.9543069769202134,Down,Up
2019-10-22,0.050860992592343335,0.9491390074076567,Down,Up
2019-10-23,0.049993565644131266,0.9500064343558687,Down,Up
2019-10-24,0.05120568267344383,0.9487943173265562,Down,Up
2019-10-25,0.051246482230734025,0.948753517769266,Down,Up
2019-10-27,0.04901622020865981,0.9509837797913402,Down,Up
2019-10-29,0.041312094305337554,0.9586879056946624,Down,Up
2019-10-30,0.03889795993086964,0.9611020400691304,Down,Up
2019-10-31,0.03749905689612065,0.9625009431038793,Down,Up
2019-11-01,0.03597574479561627,0.9640242552043837,Down,Up
2019-11-04,0.034002268102000466,0.9659977318979995,Down,Up
2019-11-05,0.034072561538190604,0.9659274384618094,Down,Up
2019-11-06,0.03219706899102304,0.967802931008977,Down,Up
2019-11-07,0.03164413861582349,0.9683558613841765,Down,Up
2019-11-08,0.035636450819546805,0.9643635491804532,Down,Up
2019-11-11,0.035524381955176265,0.9644756180448237,Down,Up
2019-11-13,0.03934856925006425,0.9606514307499358,Down,Up
2019-11-14,0.03811360903549066,0.9618863909645093,Down,Up
2019-11-15,0.0392829006626918,0.9607170993373082,Down,Up
2019-11-18,0.03990991256919241,0.9600900874308076,Down,Up
2019-11-19,0.03959891601661403,0.960401083983386,Down,Up
2019-11-20,0.041181670653426594,0.9588183293465734,Down,Up
2019-11-21,0.030020390372128003,0.969979609627872,Down,Up
2019-11-22,0.03191522133729807,0.9680847786627019,Down,Up
2019-11-25,0.02663630009672624,0.9733636999032738,Down,Down
2019-11-26,0.027936103529913936,0.9720638964700861,Down,Down
2019-11-27,0.025987117645366653,0.9740128823546333,Down,Up
2019-11-28,0.024540127256471034,0.975459872743529,Down,Up
2019-11-29,0.027481487711745745,0.9725185122882543,Down,Up
2019-12-02,0.027833963923275418,0.9721660360767246,Down,Up
2019-12-03,0.029751385910316563,0.9702486140896834,Down,Up
2019-12-04,0.028110796481471634,0.9718892035185284,Down,Up
2019-12-05,0.029036074165466275,0.9709639258345337,Down,Up
2019-12-06,0.03255611480949672,0.9674438851905033,Down,Up
2019-12-09,0.0320018385382721,0.9679981614617279,Down,Up
2019-12-10,0.0351369573325957,0.9648630426674043,Down,Up
2019-12-11,0.033075019018996454,0.9669249809810035,Down,Up
2019-12-12,0.03097761985040448,0.9690223801495955,Down,Up
2019-12-13,0.027194362953670725,0.9728056370463293,Down,Up
2019-12-16,0.028369222184039145,0.9716307778159609,Down,Up
2019-12-17,0.02500343983736053,0.9749965601626395,Down,Down
2019-12-18,0.023497017833323475,0.9765029821666765,Down,Down
2019-12-19,0.02252889517882073,0.9774711048211793,Down,Down
2019-12-20,0.02226587839714167,0.9777341216028583,Down,Down
2019-12-23,0.022577916061869208,0.9774220839381308,Down,Down
2019-12-24,0.02394142102565111,0.9760585789743489,Down,Down
2019-12-26,0.026663224925897455,0.9733367750741025,Down,Down
2019-12-27,0.023973518841730712,0.9760264811582693,Down,Down
2019-12-30,0.023812395311623824,0.9761876046883762,Down,Down
2019-12-31,0.02637907461149691,0.9736209253885031,Down,Down
2020-01-01,0.026066927613034974,0.973933072386965,Down,Down
2020-01-02,0.02332744349052951,0.9766725565094705,Down,Down
2020-01-03,0.024843870520965705,0.9751561294790343,Down,Down
2020-01-06,0.03253772415631373,0.9674622758436863,Down,Up
2020-01-07,0.0304989540010151,0.9695010459989849,Down,Down
2020-01-08,0.03146526110735448,0.9685347388926455,Down,Down
2020-01-09,0.02548308657319942,0.9745169134268006,Down,Down
2020-01-10,0.024325803673120094,0.9756741963268799,Down,Down
2020-01-13,0.02254151104592561,0.9774584889540744,Down,Down
2020-01-14,0.022620113463617475,0.9773798865363825,Down,Down
2020-01-15,0.02315715761627346,0.9768428423837265,Down,Down
2020-01-16,0.02335455360203187,0.9766454463979681,Down,Down
2020-01-17,0.023549626288175696,0.9764503737118243,Down,Down
2020-01-20,0.0317341240693787,0.9682658759306213,Down,Down
2020-01-21,0.03429678513897794,0.9657032148610221,Down,Down
2020-01-22,0.036166338571106516,0.9638336614288935,Down,Down
2020-01-23,0.03378139315614903,0.966218606843851,Down,Down
2020-01-24,0.030518006666997,0.969481993333003,Down,Down
2020-01-27,0.03638773541683882,0.9636122645831612,Down,Down
2020-01-28,0.05891579754448095,0.941084202455519,Down,Down
2020-01-29,0.055037891306867315,0.9449621086931327,Down,Down
2020-01-30,0.06104730753007781,0.9389526924699222,Down,Down
2020-01-31,0.06536500125134159,0.9346349987486584,Down,Down
2020-02-01,0.08560601451873429,0.9143939854812657,Down,Down
2020-02-03,0.08065846079262862,0.9193415392073714,Down,Down
2020-02-04,0.06119614233346138,0.9388038576665386,Down,Down
2020-02-05,0.04977842114198916,0.9502215788580108,Down,Down
2020-02-06,0.04747430069558767,0.9525256993044123,Down,Down
2020-02-07,0.05032991941429299,0.949670080585707,Down,Down
2020-02-10,0.05355317976654439,0.9464468202334556,Down,Down
2020-02-11,0.04657876936431271,0.9534212306356873,Down,Down
2020-02-12,0.03822497600704333,0.9617750239929567,Down,Down
2020-02-13,0.03935823745552369,0.9606417625444763,Down,Down
2020-02-14,0.042008234487435514,0.9579917655125645,Down,Down
2020-02-17,0.04264737919850925,0.9573526208014908,Down,Down
2020-02-18,0.04527065948097686,0.9547293405190231,Down,Down
2020-02-19,0.039405156688084975,0.960594843311915,Down,Down
2020-02-20,0.04130308597943533,0.9586969140205647,Down,Down
2020-02-24,0.05348605989129329,0.9465139401087067,Down,Down
2020-02-25,0.055178271109091126,0.9448217288909089,Down,Down
2020-02-26,0.061965356183765086,0.9380346438162349,Down,Down
2020-02-27,0.06467002244676756,0.9353299775532324,Down,Down
2020-02-28,0.09638659131197591,0.9036134086880241,Down,Down
2020-03-02,0.10213589980902471,0.8978641001909753,Down,Down
2020-03-03,0.08782628918239987,0.9121737108176001,Down,Down
2020-03-04,0.0921056815927096,0.9078943184072904,Down,Down
2020-03-05,0.0907220652666485,0.9092779347333515,Down,Down
2020-03-06,0.11579769544611551,0.8842023045538845,Down,Down
2020-03-09,0.17742652539820958,0.8225734746017904,Down,Down
2020-03-11,0.17690500688293898,0.823094993117061,Down,Down
2020-03-12,0.3164930180053137,0.6835069819946863,Down,Down
2020-03-13,0.25187038740804546,0.7481296125919545,Down,Down
2020-03-16,0.39490309415447167,0.6050969058455283,Down,Up
2020-03-17,0.44299324657187134,0.5570067534281287,Down,Up
2020-03-18,0.5517431122713674,0.4482568877286326,Up,Up
2020-03-19,0.6124523029604457,0.3875476970395543,Up,Up
2020-03-20,0.508501586080953,0.49149841391904703,Up,Up
2020-03-23,0.7425523765632132,0.2574476234367869,Up,Up
2020-03-24,0.7067873784156635,0.2932126215843364,Up,Up
2020-03-25,0.6018928950025546,0.39810710499744534,Up,Up
2020-03-26,0.532202293037944,0.467797706962056,Up,Up
2020-03-27,0.5274003464036454,0.4725996535963546,Up,Up
2020-03-30,0.609346645592135,0.390653354407865,Up,Up
2020-03-31,0.5407726634880883,0.4592273365119117,Up,Up
2020-04-01,0.6149006955571288,0.3850993044428712,Up,Up
2020-04-03,0.6500132607287433,0.3499867392712567,Up,Up
2020-04-07,0.49935043752301733,0.5006495624769827,Down,Up
2020-04-08,0.5079713747087179,0.4920286252912821,Up,Up
2020-04-09,0.431036919617634,0.568963080382366,Down,Up
2020-04-13,0.45550000041321304,0.544499999586787,Down,Up
2020-04-15,0.4706890790866294,0.5293109209133706,Down,Up
2020-04-16,0.4574303682285439,0.5425696317714561,Down,Up
2020-04-17,0.40154129411874484,0.5984587058812552,Down,Up
2020-04-20,0.41072632326331093,0.5892736767366891,Down,Up
2020-04-21,0.47177476213735225,0.5282252378626477,Down,Up
2020-04-22,0.42837301358065094,0.5716269864193491,Down,Up
2020-04-23,0.40252276749295945,0.5974772325070405,Down,Up
2020-04-24,0.43591927350169635,0.5640807264983037,Down,Up
2020-04-27,0.40902272812011775,0.5909772718798822,Down,Up
2020-04-28,0.38807534398022747,0.6119246560197725,Down,Up
2020-04-29,0.3311336479019362,0.6688663520980638,Down,Up
2020-04-30,0.2745928189233737,0.7254071810766263,Down,Down
2020-05-04,0.35363307782986586,0.6463669221701341,Down,Up
2020-05-05,0.37128638773035105,0.628713612269649,Down,Up
2020-05-06,0.35810130826813624,0.6418986917318638,Down,Up
2020-05-07,0.37229128550773616,0.6277087144922638,Down,Up
2020-05-08,0.36345573774192697,0.636544262258073,Down,Up
2020-05-11,0.3697223609154099,0.6302776390845901,Down,Up
2020-05-12,0.37868024531093747,0.6213197546890625,Down,Up
2020-05-13,0.3435239642698684,0.6564760357301316,Down,Up
2020-05-14,0.388696418613373,0.611303581386627,Down,Up
2020-05-15,0.39053100088713344,0.6094689991128666,Down,Up
2020-05-18,0.4575352009711433,0.5424647990288567,Down,Up
2020-05-19,0.4452419716966426,0.5547580283033574,Down,Up
2020-05-20,0.374409634223264,0.625590365776736,Down,Up
2020-05-21,0.3762272876017193,0.6237727123982807,Down,Up
2020-05-22,0.39161766581147606,0.6083823341885239,Down,Up
2020-05-26,0.3799037538600286,0.6200962461399714,Down,Up
2020-05-27,0.3216879737873345,0.6783120262126655,Down,Up
2020-05-28,0.28911832861972664,0.7108816713802734,Down,Up
2020-05-29,0.27275762131453885,0.7272423786854612,Down,Up
2020-06-01,0.23031273661257223,0.7696872633874278,Down,Up
2020-06-02,0.20675863079651913,0.7932413692034809,Down,Up
2020-06-03,0.19468629045655184,0.8053137095434482,Down,Up
2020-06-04,0.19980886984270063,0.8001911301572994,Down,Up
2020-06-05,0.17020548702988747,0.8297945129701125,Down,Up
2020-06-08,0.16683092784740128,0.8331690721525987,Down,Up
2020-06-09,0.15156555760866897,0.848434442391331,Down,Up
2020-06-10,0.14334299492745162,0.8566570050725484,Down,Up
2020-06-11,0.17100626728005608,0.8289937327199439,Down,Up
2020-06-12,0.16091941890112715,0.8390805810988728,Down,Up
2020-06-15,0.18348299759859277,0.8165170024014072,Down,Up
2020-06-16,0.14865525729532003,0.85134474270468,Down,Up
2020-06-17,0.1345757232336804,0.8654242767663196,Down,Up
2020-06-18,0.11100455528390951,0.8889954447160905,Down,Up
2020-06-19,0.09585537687349699,0.904144623126503,Down,Up
2020-06-22,0.08963624083765731,0.9103637591623427,Down,Up
2020-06-23,0.07651890834041075,0.9234810916595892,Down,Up
2020-06-24,0.0908057829335982,0.9091942170664018,Down,Up
2020-06-25,0.09230935678074059,0.9076906432192594,Down,Up
2020-06-26,0.058853719361171675,0.9411462806388283,Down,Up
2020-06-29,0.06367327002939993,0.9363267299706001,Down,Up
2020-06-30,0.0685247642297393,0.9314752357702607,Down,Up
2020-07-01,0.05166936176282322,0.9483306382371768,Down,Up
2020-07-02,0.03821120126246069,0.9617887987375393,Down,Up
2020-07-03,0.03565212476580493,0.9643478752341951,Down,Up
2020-07-06,0.030187290235348718,0.9698127097646513,Down,Up
2020-07-07,0.028950552821412456,0.9710494471785875,Down,Up
2020-07-08,0.032608438035951925,0.9673915619640481,Down,Up
2020-07-09,0.02852291132586615,0.9714770886741338,Down,Up
2020-07-10,0.028456060468795452,0.9715439395312045,Down,Up
2020-07-13,0.027291032066791288,0.9727089679332087,Down,Up
2020-07-14,0.035011312120200255,0.9649886878797997,Down,Up
2020-07-15,0.03458043089008722,0.9654195691099128,Down,Up
2020-07-16,0.029853079837871,0.970146920162129,Down,Up
2020-07-17,0.025080235283830965,0.974919764716169,Down,Up
2020-07-20,0.02152617896296305,0.978473821037037,Down,Up
2020-07-21,0.020014792943280346,0.9799852070567197,Down,Up
2020-07-22,0.020933893741999277,0.9790661062580007,Down,Up
2020-07-23,0.018301730705919672,0.9816982692940803,Down,Up
2020-07-24,0.01700964022199758,0.9829903597780024,Down,Up
2020-07-27,0.018668523496965794,0.9813314765030342,Down,Up
2020-07-28,0.013052557863436398,0.9869474421365636,Down,Up
2020-07-29,0.015245301723846305,0.9847546982761537,Down,Up
2020-07-30,0.016413837145792143,0.9835861628542079,Down,Up
2020-07-31,0.011134387665913903,0.9888656123340861,Down,Up
2020-08-03,0.014654590739203055,0.985345409260797,Down,Up
2020-08-04,0.01019012820708276,0.9898098717929172,Down,Up
2020-08-05,0.01016644161572966,0.9898335583842703,Down,Up
2020-08-06,0.008839347128377306,0.9911606528716227,Down,Up
2020-08-07,0.008732250979472611,0.9912677490205274,Down,Up
2020-08-10,0.0066333359939830805,0.9933666640060169,Down,Down
2020-08-11,0.006200743434820244,0.9937992565651798,Down,Down
2020-08-12,0.006425066449227468,0.9935749335507725,Down,Down
2020-08-13,0.00618524007295973,0.9938147599270403,Down,Down
2020-08-14,0.007531841479269663,0.9924681585207303,Down,Down
2020-08-17,0.0055946232980380595,0.9944053767019619,Down,Down
2020-08-18,0.004536590996863654,0.9954634090031363,Down,Down
2020-08-19,0.004450408660340077,0.9955495913396599,Down,Down
2020-08-20,0.005010957927885085,0.9949890420721149,Down,Up
2020-08-21,0.004615222751952697,0.9953847772480473,Down,Up
2020-08-24,0.0038735185990436127,0.9961264814009564,Down,Up
2020-08-25,0.0038931271096321884,0.9961068728903678,Down,Up
2020-08-26,0.0035059113101294503,0.9964940886898705,Down,Up
2020-08-27,0.0035056345107667974,0.9964943654892332,Down,Up
2020-08-28,0.0030846442428879017,0.9969153557571121,Down,Up
2020-08-31,0.004503788788280949,0.995496211211719,Down,Up
2020-09-01,0.003991204093097833,0.9960087959069022,Down,Up
2020-09-02,0.0036567690070110626,0.9963432309929889,Down,Up
2020-09-03,0.003075235530538678,0.9969247644694613,Down,Up
2020-09-04,0.004276259450840203,0.9957237405491598,Down,Up
2020-09-07,0.004194503786101644,0.9958054962138984,Down,Up
2020-09-08,0.004521924745507944,0.9954780752544921,Down,Up
2020-09-09,0.004868414718760539,0.9951315852812395,Down,Up
2020-09-10,0.0037594560304732294,0.9962405439695268,Down,Up
2020-09-11,0.0037315867900366007,0.9962684132099634,Down,Up
2020-09-14,0.003937091233292445,0.9960629087667076,Down,Up
2020-09-15,0.0034939687474035974,0.9965060312525964,Down,Up
2020-09-16,0.0031169230868461906,0.9968830769131538,Down,Up
2020-09-17,0.003642763818695549,0.9963572361813045,Down,Up
2020-09-18,0.0037575960236596595,0.9962424039763403,Down,Up
2020-09-21,0.005648278427434095,0.9943517215725659,Down,Up
2020-09-22,0.006613356476327215,0.9933866435236728,Down,Up
2020-09-23,0.00688660606051017,0.9931133939394898,Down,Up
2020-09-24,0.011151807536900704,0.9888481924630993,Down,Up
2020-09-25,0.006280896256283586,0.9937191037437164,Down,Up
2020-09-28,0.004851755606675612,0.9951482443933244,Down,Up
2020-09-29,0.004932460820703755,0.9950675391792962,Down,Up
2020-09-30,0.004808994139399725,0.9951910058606003,Down,Up
2020-10-01,0.0037406452951225244,0.9962593547048775,Down,Up
2020-10-05,0.0033089240544251775,0.9966910759455748,Down,Up
2020-10-06,0.002590109462786594,0.9974098905372134,Down,Up
2020-10-07,0.002329259457242383,0.9976707405427576,Down,Up
2020-10-08,0.002023642415463267,0.9979763575845367,Down,Up
2020-10-09,0.0017280260141060433,0.998271973985894,Down,Up
2020-10-12,0.0017128294040019698,0.998287170595998,Down,Up
2020-10-13,0.0017363247113955094,0.9982636752886045,Down,Up
2020-10-14,0.0016728604919685752,0.9983271395080314,Down,Up
2020-10-15,0.0027204395858838604,0.9972795604141161,Down,Up
2020-10-16,0.002615147097154935,0.9973848529028451,Down,Up
2020-10-19,0.002253033235957602,0.9977469667640424,Down,Up
2020-10-20,0.0024858551541704355,0.9975141448458296,Down,Up
2020-10-21,0.00236373313598226,0.9976362668640177,Down,Up
2020-10-22,0.002577627680997674,0.9974223723190023,Down,Up
2020-10-23,0.0024791349932150597,0.9975208650067849,Down,Up
2020-10-26,0.0031502105362088972,0.9968497894637911,Down,Up
2020-10-27,0.002391619366557629,0.9976083806334424,Down,Up
2020-10-28,0.003255423669340063,0.9967445763306599,Down,Up
2020-10-29,0.010718738738126787,0.9892812612618732,Down,Up
2020-10-30,0.009191438646296679,0.9908085613537033,Down,Up
2020-11-02,0.01152003775041821,0.9884799622495818,Down,Up
2020-11-03,0.009662917895176926,0.9903370821048231,Down,Up
2020-11-04,0.00785559052343554,0.9921444094765645,Down,Up
2020-11-05,0.005998500213510893,0.9940014997864891,Down,Up
2020-11-06,0.00534760353733843,0.9946523964626616,Down,Up
2020-11-09,0.00413564895923102,0.995864351040769,Down,Up
2020-11-10,0.0031362549212331503,0.9968637450787668,Down,Up
2020-11-11,0.0026864206256261847,0.9973135793743738,Down,Up
2020-11-12,0.0027522165634510376,0.997247783436549,Down,Up
2020-11-13,0.002661894809827814,0.9973381051901722,Down,Up
2020-11-14,0.0024809891488717373,0.9975190108511283,Down,Up
2020-11-17,0.0022639479189758838,0.9977360520810241,Down,Up
2020-11-18,0.0016130945203773894,0.9983869054796226,Down,Up
2020-11-19,0.002111945015193961,0.997888054984806,Down,Up
2020-11-20,0.001886869760701515,0.9981131302392985,Down,Up
2020-11-23,0.0017315843152975186,0.9982684156847025,Down,Up
2020-11-24,0.0014573692066558452,0.9985426307933442,Down,Up
2020-11-25,0.0019812435595519817,0.998018756440448,Down,Up
2020-11-26,0.0016705364398001965,0.9983294635601998,Down,Up
2020-11-27,0.0017439898888161887,0.9982560101111838,Down,Up
2020-12-01,0.0014390568877350463,0.998560943112265,Down,Up
2020-12-02,0.0014559630594637163,0.9985440369405363,Down,Up
2020-12-03,0.0014350310578251646,0.9985649689421748,Down,Up
2020-12-04,0.0012156659628912436,0.9987843340371088,Down,Up
2020-12-07,0.0010691176040685813,0.9989308823959314,Down,Up
2020-12-08,0.0010321535090035416,0.9989678464909965,Down,Up
2020-12-09,0.000859429860787797,0.9991405701392122,Down,Up
2020-12-10,0.0009480206125151991,0.9990519793874848,Down,Up
2020-12-11,0.0009160424851071269,0.9990839575148929,Down,Up
2020-12-14,0.0008751510443076871,0.9991248489556923,Down,Up
2020-12-15,0.0008791100693333886,0.9991208899306666,Down,Up
2020-12-16,0.0007528754982563113,0.9992471245017437,Down,Down
2020-12-17,0.0007046615118375676,0.9992953384881624,Down,Up
2020-12-18,0.0007007703331762816,0.9992992296668237,Down,Up
2020-12-21,0.001359036609738018,0.998640963390262,Down,Up
2020-12-22,0.0011310582985512019,0.9988689417014488,Down,Up
2020-12-23,0.000945672687704735,0.9990543273122953,Down,Up
2020-12-24,0.000772665740938705,0.9992273342590613,Down,Up
2020-12-28,0.0006555672842500915,0.9993444327157499,Down,Up
2020-12-29,0.0006139684638006848,0.9993860315361993,Down,Up
2020-12-30,0.0005816399759903668,0.9994183600240096,Down,Up
2020-12-31,0.0005950895131554557,0.9994049104868445,Down,Up
2021-01-01,0.0005764027852830367,0.999423597214717,Down,Up
2021-01-04,0.0004946438999031688,0.9995053561000968,Down,Up
2021-01-05,0.0004588038691766272,0.9995411961308234,Down,Up
2021-01-06,0.0005110471581342146,0.9994889528418658,Down,Up
2021-01-07,0.0005288326106054342,0.9994711673893946,Down,Up
2021-01-08,0.00039560632729163103,0.9996043936727084,Down,Up
2021-01-11,0.0003493059729260395,0.999650694027074,Down,Up
2021-01-12,0.00031722663366817727,0.9996827733663318,Down,Up
2021-01-13,0.0003262025676777913,0.9996737974323222,Down,Up
2021-01-14,0.00031882482657730193,0.9996811751734227,Down,Down
2021-01-15,0.0004786185486425065,0.9995213814513575,Down,Up
2021-01-18,0.0006136926187421121,0.9993863073812579,Down,Up
2021-01-19,0.0005343749510735574,0.9994656250489264,Down,Up
2021-01-20,0.0004576331646910514,0.999542366835309,Down,Up
2021-01-21,0.0005053044977267884,0.9994946955022732,Down,Up
2021-01-22,0.000691291250341175,0.9993087087496588,Down,Up
2021-01-25,0.0008853831114412625,0.9991146168885587,Down,Up
2021-01-27,0.0014174943417051278,0.9985825056582949,Down,Up
2021-01-28,0.0018898703806231598,0.9981101296193768,Down,Up
2021-01-29,0.002306961147957587,0.9976930388520424,Down,Up
2021-02-01,0.0010237466020194264,0.9989762533979806,Down,Up
2021-02-02,0.0007958594386527906,0.9992041405613472,Down,Up
2021-02-03,0.0006705398048540978,0.9993294601951459,Down,Down
2021-02-04,0.000284816464357851,0.9997151835356421,Down,Down
2021-02-05,0.00020463800178904812,0.999795361998211,Down,Down
2021-02-08,0.00015587725034982292,0.9998441227496502,Down,Down
2021-02-09,0.0001637284511237791,0.9998362715488762,Down,Down
2021-02-10,0.0001847682056785871,0.9998152317943214,Down,Down
2021-02-11,0.00020805533551482291,0.9997919446644852,Down,Down
2021-02-12,0.00022271351338631895,0.9997772864866137,Down,Down
2021-02-15,0.0002278942184779087,0.9997721057815221,Down,Down
2021-02-16,0.00021147370131124887,0.9997885262986888,Down,Down
2021-02-17,0.00025459524325222027,0.9997454047567478,Down,Down
2021-02-18,0.00029571086567958815,0.9997042891343204,Down,Down
2021-02-19,0.0003706165899493019,0.9996293834100507,Down,Down
2021-02-22,0.0005812550398385241,0.9994187449601615,Down,Up
2021-02-23,0.0005668260593381103,0.9994331739406619,Down,Up
2021-02-24,0.0003964566714629303,0.9996035433285371,Down,Down
2021-02-25,0.00034362566470114153,0.9996563743352989,Down,Down
2021-02-26,0.0007712509612596286,0.9992287490387404,Down,Up
2021-03-01,0.0005741906853440337,0.999425809314656,Down,Down
2021-03-02,0.00047177751764282405,0.9995282224823572,Down,Down
2021-03-03,0.000305282521354977,0.999694717478645,Down,Down
2021-03-04,0.00039458657109836537,0.9996054134289016,Down,Down
2021-03-05,0.0004918572796301923,0.9995081427203698,Down,Down
2021-03-08,0.0005072474636527158,0.9994927525363473,Down,Down
2021-03-09,0.00042800188822766927,0.9995719981117723,Down,Down
2021-03-10,0.0003933724352576107,0.9996066275647424,Down,Down
2021-03-12,0.0004895809183522726,0.9995104190816477,Down,Down
2021-03-15,0.0005740979759709663,0.999425902024029,Down,Down
2021-03-16,0.0005999420406481715,0.9994000579593518,Down,Down
2021-03-17,0.0007829350579626748,0.9992170649420373,Down,Down
2021-03-18,0.0009868787778681831,0.9990131212221318,Down,Up
2021-03-19,0.0007872767216219323,0.9992127232783781,Down,Down
2021-03-22,0.0008090015630470848,0.9991909984369529,Down,Up
2021-03-23,0.0007445338079714592,0.9992554661920285,Down,Up
2021-03-24,0.0010636679646796043,0.9989363320353204,Down,Up
2021-03-25,0.001429579884652643,0.9985704201153474,Down,Up
2021-03-26,0.001158175448714438,0.9988418245512856,Down,Up
2021-03-30,0.0007648413983083469,0.9992351586016917,Down,Up
2021-03-31,0.015711363263821942,0.9842886367361781,Down,Up
2021-04-01,0.013644690556445238,0.9863553094435548,Down,Up
2021-04-05,0.01652225378380745,0.9834777462161925,Down,Up
2021-04-06,0.01599666526756849,0.9840033347324315,Down,Up
2021-04-07,0.01436035729736751,0.9856396427026325,Down,Up
2021-04-08,0.013802372340913083,0.9861976276590869,Down,Up
2021-04-09,0.014266164876198695,0.9857338351238013,Down,Up
2021-04-12,0.02176793636673302,0.978232063633267,Down,Up
2021-04-13,0.01914252210609313,0.9808574778939069,Down,Up
2021-04-15,0.018805213909070084,0.9811947860909299,Down,Up
2021-04-16,0.01847001634931167,0.9815299836506883,Down,Up
2021-04-19,0.023734631566193043,0.976265368433807,Down,Up
2021-04-20,0.025025275672708958,0.974974724327291,Down,Up
2021-04-22,0.023059747851106316,0.9769402521488937,Down,Up
2021-04-23,0.02432133807714898,0.975678661922851,Down,Up
2021-04-26,0.021879243342269317,0.9781207566577307,Down,Up
2021-04-27,0.022775510092730156,0.9772244899072698,Down,Up
2021-04-28,0.019643776119697476,0.9803562238803025,Down,Up
2021-04-29,0.019228523315035995,0.980771476684964,Down,Up
2021-04-30,0.023512815428826106,0.9764871845711739,Down,Up
2021-05-03,0.02944644089831705,0.970553559101683,Down,Up
2021-05-04,0.041492980727122264,0.9585070192728777,Down,Up
2021-05-05,0.03929035030637473,0.9607096496936253,Down,Up
2021-05-06,0.03730587424282816,0.9626941257571718,Down,Up
2021-05-07,0.04489526229272789,0.9551047377072721,Down,Up
2021-05-10,0.04226848627004243,0.9577315137299576,Down,Up
2021-05-11,0.04627738699985773,0.9537226130001423,Down,Up
2021-05-12,0.05089572383646701,0.949104276163533,Down,Up
2021-05-14,0.05156779458740912,0.9484322054125909,Down,Up
2021-05-17,0.045603890243206324,0.9543961097567937,Down,Up
2021-05-18,0.041259648884962585,0.9587403511150374,Down,Up
2021-05-19,0.048893586104747255,0.9511064138952527,Down,Up
2021-05-20,0.05500231194643379,0.9449976880535662,Down,Up
2021-05-21,0.05688574727083817,0.9431142527291618,Down,Up
2021-05-24,0.05627720729875252,0.9437227927012475,Down,Up
2021-05-25,0.060969178884007214,0.9390308211159928,Down,Up
2021-05-26,0.058241310922410694,0.9417586890775893,Down,Up
2021-05-27,0.05711645642999741,0.9428835435700026,Down,Up
2021-05-28,0.06609709879703929,0.9339029012029607,Down,Up
2021-05-31,0.06173460157007715,0.9382653984299228,Down,Up
2021-06-01,0.06832598596478356,0.9316740140352164,Down,Up
2021-06-02,0.06818822363454324,0.9318117763654568,Down,Up
2021-06-03,0.06408597739993516,0.9359140226000648,Down,Up
2021-06-04,0.06488446127647107,0.9351155387235289,Down,Up
2021-06-07,0.06219807864902316,0.9378019213509768,Down,Up
2021-06-08,0.06261361120002629,0.9373863887999737,Down,Down
2021-06-09,0.06637933651565864,0.9336206634843414,Down,Up
2021-06-10,0.06290375252927849,0.9370962474707215,Down,Up
2021-06-11,0.060820916627876365,0.9391790833721236,Down,Up
2021-06-14,0.06052889721618693,0.9394711027838131,Down,Down
2021-06-15,0.058675267659800134,0.9413247323401999,Down,Down
2021-06-16,0.0620670296288105,0.9379329703711895,Down,Up
2021-06-17,0.06467090475426496,0.935329095245735,Down,Up
2021-06-18,0.06510574100153577,0.9348942589984642,Down,Up
2021-06-21,0.06313759546821329,0.9368624045317867,Down,Up
2021-06-22,0.06577923967848531,0.9342207603215147,Down,Up
2021-06-23,0.06890409703878375,0.9310959029612162,Down,Up
2021-06-24,0.06533051525680478,0.9346694847431952,Down,Up
2021-06-25,0.06299954958302523,0.9370004504169748,Down,Up
2021-06-28,0.06470579299141599,0.935294207008584,Down,Up
2021-06-29,0.06701548658875645,0.9329845134112436,Down,Up
2021-06-30,0.08088322488653132,0.9191167751134687,Down,Up
2021-07-01,0.08250843778933648,0.9174915622106635,Down,Up
2021-07-02,0.08099375249177143,0.9190062475082286,Down,Up
2021-07-05,0.07669501744012486,0.9233049825598751,Down,Up
2021-07-06,0.07739022063501377,0.9226097793649862,Down,Up
2021-07-07,0.07489790824651865,0.9251020917534813,Down,Up
2021-07-08,0.08098634736159649,0.9190136526384035,Down,Up
2021-07-09,0.0826117545534033,0.9173882454465967,Down,Up
2021-07-12,0.0840284876373728,0.9159715123626272,Down,Up
2021-07-13,0.07916676785726473,0.9208332321427353,Down,Up
2021-07-14,0.07770118170526508,0.9222988182947349,Down,Up
2021-07-15,0.0750049523013091,0.9249950476986909,Down,Up
2021-07-16,0.07716846451116,0.92283153548884,Down,Up
2021-07-19,0.0838446952926033,0.9161553047073967,Down,Up
2021-07-20,0.09195955426728963,0.9080404457327104,Down,Up
2021-07-22,0.08417651054553166,0.9158234894544683,Down,Up
2021-07-23,0.08286062111818049,0.9171393788818195,Down,Up
2021-07-26,0.0863658918145227,0.9136341081854773,Down,Up
2021-07-27,0.103531075109494,0.896468924890506,Down,Up
2021-07-28,0.11691499048448784,0.8830850095155122,Down,Up
2021-07-29,0.11401198023830139,0.8859880197616986,Down,Up
2021-07-30,0.11611218731785744,0.8838878126821426,Down,Up
2021-08-02,0.11035758948089325,0.8896424105191068,Down,Up
2021-08-03,0.10758117656104527,0.8924188234389547,Down,Up
2021-08-04,0.10541568600811313,0.8945843139918869,Down,Up
2021-08-05,0.12514011013889648,0.8748598898611035,Down,Up
2021-08-06,0.13189970799243134,0.8681002920075687,Down,Up
2021-08-09,0.1312944484482218,0.8687055515517782,Down,Up
2021-08-10,0.1372888306118082,0.8627111693881918,Down,Up
2021-08-11,0.13766910417712852,0.8623308958228715,Down,Up
2021-08-12,0.14077359418601698,0.859226405813983,Down,Up
2021-08-13,0.13208164241641018,0.8679183575835898,Down,Up
2021-08-16,0.1638014760619283,0.8361985239380717,Down,Up
2021-08-17,0.17009479051680598,0.829905209483194,Down,Up
2021-08-18,0.1729079495646434,0.8270920504353566,Down,Up
2021-08-20,0.1802900362279597,0.8197099637720403,Down,Up
2021-08-23,0.1774358737749817,0.8225641262250183,Down,Up
2021-08-24,0.16980671814171588,0.8301932818582841,Down,Up
2021-08-25,0.16905926508501024,0.8309407349149898,Down,Up
2021-08-26,0.16907848470185916,0.8309215152981408,Down,Up
2021-08-27,0.16481585866014337,0.8351841413398566,Down,Up
2021-08-30,0.15206002393428175,0.8479399760657182,Down,Up
2021-08-31,0.14111578037168637,0.8588842196283136,Down,Up
2021-09-01,0.14391791936012777,0.8560820806398722,Down,Up
2021-09-02,0.1357507745693205,0.8642492254306795,Down,Up
2021-09-03,0.13150530269711502,0.868494697302885,Down,Up
2021-09-06,0.12862200860612205,0.871377991393878,Down,Up
2021-09-07,0.12963195690571194,0.8703680430942881,Down,Up
2021-09-08,0.12999109842879608,0.8700089015712039,Down,Up
2021-09-09,0.1293837500223296,0.8706162499776704,Down,Up
2021-09-13,0.1300731431203037,0.8699268568796963,Down,Up
2021-09-14,0.12882760370577584,0.8711723962942242,Down,Up
2021-09-15,0.12226490977001703,0.877735090229983,Down,Up
2021-09-16,0.11775227614193984,0.8822477238580602,Down,Up
2021-09-17,0.11959011874868675,0.8804098812513133,Down,Up
2021-09-20,0.12867844976150977,0.8713215502384902,Down,Up
2021-09-21,0.12089713662802593,0.8791028633719741,Down,Up
2021-09-22,0.12154477653848061,0.8784552234615194,Down,Up
2021-09-23,0.10922728869796205,0.890772711302038,Down,Up
2021-09-24,0.10787836944401374,0.8921216305559863,Down,Up
2021-09-27,0.10820438415006928,0.8917956158499307,Down,Up
2021-09-28,0.11307887801860617,0.8869211219813938,Down,Up
2021-09-29,0.11457841817181824,0.8854215818281818,Down,Up
2021-09-30,0.11848155001230498,0.881518449987695,Down,Up
2021-10-01,0.1227913666038496,0.8772086333961504,Down,Up
2021-10-04,0.11528527030129421,0.8847147296987058,Down,Up
2021-10-05,0.1095688204158447,0.8904311795841553,Down,Down
2021-10-06,0.11745081866608253,0.8825491813339175,Down,Down
2021-10-07,0.11107799887958836,0.8889220011204116,Down,Down
2021-10-08,0.10662386751423514,0.8933761324857649,Down,Down
2021-10-11,0.10446982405550564,0.8955301759444944,Down,Down
2021-10-12,0.10424828667763164,0.8957517133223684,Down,Down
2021-10-13,0.09742683297497945,0.9025731670250206,Down,Down
2021-10-14,0.09072136026294852,0.9092786397370515,Down,Down
2021-10-18,0.08718391932644831,0.9128160806735517,Down,Down
2021-10-19,0.0920462922429085,0.9079537077570915,Down,Down
2021-10-20,0.09840410933702215,0.9015958906629779,Down,Down
2021-10-21,0.10212614157170163,0.8978738584282984,Down,Down
2021-10-22,0.10487085846064814,0.8951291415393519,Down,Down
2021-10-25,0.11020435500278092,0.8897956449972191,Down,Down
2021-10-26,0.11397705234155309,0.8860229476584469,Down,Down
2021-10-27,0.11695701451308194,0.8830429854869181,Down,Down
2021-10-28,0.13827241918282973,0.8617275808171703,Down,Down
2021-10-29,0.16282597672596777,0.8371740232740322,Down,Down
2021-11-01,0.14949212477509344,0.8505078752249066,Down,Down
2021-11-02,0.15388152452910187,0.8461184754708981,Down,Down
2021-11-03,0.15282493140264908,0.8471750685973509,Down,Down
2021-11-04,0.14815516126191508,0.8518448387380849,Down,Down
2021-11-08,0.14327068396909648,0.8567293160309035,Down,Down
2021-11-09,0.1500230736883753,0.8499769263116247,Down,Down
2021-11-10,0.15114286923857678,0.8488571307614232,Down,Down
2021-11-11,0.16543143332348897,0.834568566676511,Down,Down
2021-11-12,0.15303271019280296,0.846967289807197,Down,Down
2021-11-15,0.15233458882037065,0.8476654111796293,Down,Down
2021-11-16,0.19970528228317375,0.8002947177168263,Down,Down
2021-11-17,0.20605184030891832,0.7939481596910817,Down,Down
2021-11-18,0.21440793571922212,0.7855920642807779,Down,Down
2021-11-22,0.2378335803239937,0.7621664196760063,Down,Up
2021-11-23,0.23185467484272404,0.768145325157276,Down,Up
2021-11-24,0.23788875341975535,0.7621112465802447,Down,Up
2021-11-25,0.2299190080673168,0.7700809919326832,Down,Up
2021-11-26,0.26639122338590315,0.7336087766140968,Down,Up
2021-11-29,0.2642197094045796,0.7357802905954204,Down,Up
2021-11-30,0.2697406291790001,0.7302593708209999,Down,Up
2021-12-01,0.25618483495773714,0.7438151650422629,Down,Up
2021-12-02,0.23903934014320516,0.7609606598567948,Down,Up
2021-12-03,0.2535832023048926,0.7464167976951074,Down,Up
2021-12-06,0.2754081453749724,0.7245918546250276,Down,Up
2021-12-07,0.25575491007547346,0.7442450899245265,Down,Up
2021-12-08,0.23458054038597953,0.7654194596140205,Down,Up
2021-12-09,0.23160924787642712,0.7683907521235729,Down,Up
2021-12-10,0.23213164455590907,0.7678683554440909,Down,Up
2021-12-13,0.24175897089705067,0.7582410291029493,Down,Down
2021-12-14,0.2448642097264806,0.7551357902735194,Down,Down
2021-12-15,0.2527351647572349,0.7472648352427651,Down,Down
2021-12-16,0.250656978510698,0.749343021489302,Down,Down
2021-12-17,0.2701077682050561,0.7298922317949439,Down,Up
2021-12-20,0.29940728026882457,0.7005927197311754,Down,Up
2021-12-21,0.2871323006856422,0.7128676993143578,Down,Up
2021-12-22,0.2724001877035658,0.7275998122964342,Down,Up
2021-12-23,0.2636067791962685,0.7363932208037315,Down,Up
2021-12-24,0.2691290919262027,0.7308709080737973,Down,Up
2021-12-27,0.26257675553502113,0.7374232444649789,Down,Up
2021-12-28,0.25187168232379087,0.7481283176762091,Down,Up
2021-12-29,0.25348800987483233,0.7465119901251677,Down,Up
2021-12-30,0.25404578642886255,0.7459542135711374,Down,Up
2021-12-31,0.23442167170930284,0.7655783282906972,Down,Down
2022-01-03,0.21588660665577075,0.7841133933442292,Down,Down
2022-01-04,0.20428651028418687,0.7957134897158131,Down,Down
2022-01-05,0.19668191622888886,0.8033180837711111,Down,Down
2022-01-06,0.20801460413050077,0.7919853958694992,Down,Down
2022-01-07,0.20392797927897577,0.7960720207210242,Down,Down
2022-01-10,0.19235796903739444,0.8076420309626056,Down,Down
2022-01-11,0.18892802182277357,0.8110719781772264,Down,Down
2022-01-12,0.18008177504578549,0.8199182249542145,Down,Down
2022-01-13,0.1772137542491693,0.8227862457508307,Down,Down
2022-01-14,0.18013359599028822,0.8198664040097118,Down,Down
2022-01-17,0.17726820585137903,0.822731794148621,Down,Down
2022-01-18,0.192984285898532,0.807015714101468,Down,Down
2022-01-19,0.20371946713598377,0.7962805328640162,Down,Down
2022-01-20,0.21724908607421345,0.7827509139257866,Down,Down
2022-01-21,0.22597763902953427,0.7740223609704657,Down,Down
2022-01-24,0.26003523386380945,0.7399647661361906,Down,Down
2022-01-25,0.26882404840831753,0.7311759515916825,Down,Down
2022-01-27,0.29046085309407066,0.7095391469059293,Down,Down
2022-01-28,0.2898953943940027,0.7101046056059973,Down,Down
2022-01-31,0.27168079857425076,0.7283192014257492,Down,Down
2022-02-01,0.26069197723284887,0.7393080227671511,Down,Down
2022-02-02,0.24323687330904742,0.7567631266909526,Down,Down
2022-02-03,0.259117225590325,0.740882774409675,Down,Down
2022-02-04,0.2640502476738723,0.7359497523261277,Down,Down
2022-02-07,0.2895120641560671,0.7104879358439329,Down,Up
2022-02-08,0.3061620988485091,0.6938379011514909,Down,Down
2022-02-09,0.29072546131043975,0.7092745386895603,Down,Down
2022-02-10,0.297228424018376,0.702771575981624,Down,Down
2022-02-11,0.3154072363524316,0.6845927636475684,Down,Down
2022-02-14,0.36934870557165156,0.6306512944283484,Down,Up
2022-02-15,0.33561497047897415,0.6643850295210258,Down,Up
2022-02-16,0.34146108192487057,0.6585389180751294,Down,Up
2022-02-17,0.342775503636243,0.657224496363757,Down,Up
2022-02-18,0.3454222539548921,0.6545777460451079,Down,Up
2022-02-21,0.3513808740255362,0.6486191259744638,Down,Up
2022-02-22,0.36141780292413617,0.6385821970758638,Down,Up
2022-02-23,0.3634631618046079,0.6365368381953921,Down,Up
2022-02-24,0.4385064765630289,0.5614935234369711,Down,Up
2022-02-25,0.39966712772794466,0.6003328722720553,Down,Up
2022-02-28,0.3876695093292034,0.6123304906707966,Down,Up
2022-03-02,0.4047669296571835,0.5952330703428165,Down,Up
2022-03-03,0.41493510112322285,0.5850648988767772,Down,Up
2022-03-04,0.43868462672530373,0.5613153732746963,Down,Up
2022-03-07,0.47712195735538665,0.5228780426446134,Down,Up
2022-03-08,0.4615983399864352,0.5384016600135648,Down,Up
2022-03-09,0.429788694777968,0.570211305222032,Down,Up
2022-03-10,0.40562397596757915,0.5943760240324208,Down,Up
2022-03-11,0.4027795927012181,0.5972204072987819,Down,Up
2022-03-14,0.38088420381152766,0.6191157961884723,Down,Up
2022-03-15,0.3999832024575586,0.6000167975424414,Down,Up
2022-03-16,0.3719446175307035,0.6280553824692965,Down,Up
2022-03-17,0.3444714070375574,0.6555285929624426,Down,Down
2022-03-21,0.35910060288008994,0.6408993971199101,Down,Down
2022-03-22,0.34256325485388905,0.657436745146111,Down,Down
2022-03-23,0.34849146598823155,0.6515085340117684,Down,Down
2022-03-24,0.3505061041562936,0.6494938958437064,Down,Down
2022-03-25,0.3565315091044383,0.6434684908955617,Down,Down
2022-03-28,0.35057162346280535,0.6494283765371947,Down,Down
2022-03-29,0.3420469959919643,0.6579530040080357,Down,Down
2022-03-30,0.32724617092217834,0.6727538290778217,Down,Down
2022-03-31,0.30128160466772247,0.6987183953322775,Down,Down
2022-04-01,0.28533322105449643,0.7146667789455036,Down,Down
2022-04-04,0.2572858610334047,0.7427141389665953,Down,Down
2022-04-05,0.26387406604316055,0.7361259339568395,Down,Down
2022-04-06,0.27507969381295816,0.7249203061870418,Down,Down
2022-04-07,0.2877778760928378,0.7122221239071622,Down,Down
2022-04-08,0.27683279107870495,0.723167208921295,Down,Down
2022-04-11,0.28490993243728147,0.7150900675627185,Down,Down
2022-04-12,0.296131915032506,0.703868084967494,Down,Down
2022-04-13,0.3015447182710158,0.6984552817289842,Down,Down
2022-04-18,0.3257297215911923,0.6742702784088077,Down,Down
2022-04-19,0.3537714725697001,0.6462285274302999,Down,Down
2022-04-20,0.3386253180579579,0.6613746819420421,Down,Down
2022-04-21,0.31699293171183307,0.6830070682881669,Down,Down
2022-04-22,0.3354477484814976,0.6645522515185024,Down,Down
2022-04-25,0.35859460079638517,0.6414053992036148,Down,Down
2022-04-26,0.34926708026243514,0.6507329197375649,Down,Down
2022-04-27,0.3634001277357739,0.6365998722642261,Down,Down
2022-04-28,0.34732686927954237,0.6526731307204576,Down,Down
2022-04-29,0.3600862293289675,0.6399137706710325,Down,Down
2022-05-02,0.3696557903546811,0.6303442096453189,Down,Down
2022-05-04,0.40935975385180545,0.5906402461481945,Down,Down
2022-05-05,0.4145171094328718,0.5854828905671282,Down,Down
2022-05-06,0.44064799724692383,0.5593520027530762,Down,Down
2022-05-09,0.45135877395323254,0.5486412260467675,Down,Down
2022-05-10,0.47704094439691924,0.5229590556030808,Down,Down
2022-05-11,0.484981779928205,0.515018220071795,Down,Down
2022-05-12,0.5212002064445138,0.4787997935554862,Up,Down
2022-05-13,0.5244821909244919,0.47551780907550806,Up,Down
2022-05-16,0.5335154716901479,0.4664845283098521,Up,Down
2022-05-17,0.5010189709904888,0.49898102900951125,Up,Down
2022-05-18,0.5034546524992509,0.4965453475007491,Up,Down
2022-05-19,0.5509302377867407,0.4490697622132594,Up,Down
2022-05-20,0.5067082982438602,0.49329170175613973,Up,Down
2022-05-23,0.5099644236931276,0.4900355763068724,Up,Down
2022-05-24,0.5213617687981213,0.47863823120187865,Up,Down
2022-05-25,0.5320245225738831,0.46797547742611695,Up,Down
2022-05-26,0.5205913403979505,0.4794086596020494,Up,Down
2022-05-27,0.48914149385990746,0.5108585061400925,Down,Down
2022-05-30,0.45929895712641267,0.5407010428735873,Down,Down
2022-05-31,0.4757389775190397,0.5242610224809603,Down,Down
2022-06-01,0.47497656374435226,0.5250234362556477,Down,Down
2022-06-02,0.4648173594366284,0.5351826405633716,Down,Down
2022-06-03,0.4695295685551867,0.5304704314448133,Down,Down
2022-06-06,0.47112765506244614,0.5288723449375539,Down,Down
2022-06-07,0.48617211938317606,0.5138278806168239,Down,Down
2022-06-08,0.49178852804282425,0.5082114719571758,Down,Up
2022-06-09,0.4798789142179576,0.5201210857820424,Down,Up
2022-06-10,0.5071180116142988,0.4928819883857012,Up,Up
2022-06-13,0.5506295661204019,0.449370433879598,Up,Up
2022-06-14,0.5548141358301968,0.4451858641698032,Up,Up
2022-06-15,0.5589849289700906,0.4410150710299095,Up,Up
2022-06-16,0.593400701569534,0.4065992984304661,Up,Up
2022-06-17,0.600977124195519,0.39902287580448104,Up,Up
2022-06-20,0.5950799191665022,0.40492008083349784,Up,Up
2022-06-21,0.5648339280809542,0.43516607191904577,Up,Up
2022-06-22,0.5883448178665318,0.41165518213346824,Up,Up
2022-06-23,0.573214755168725,0.426785244831275,Up,Up
2022-06-24,0.5581540205265745,0.4418459794734256,Up,Up
2022-06-27,0.544853752274737,0.45514624772526296,Up,Up
2022-06-28,0.5432069412639212,0.4567930587360788,Up,Up
2022-06-29,0.5482055290645407,0.4517944709354594,Up,Up
2022-06-30,0.5523647758524735,0.44763522414752654,Up,Up
2022-07-01,0.5557209756722186,0.4442790243277814,Up,Up
2022-07-04,0.5465634477874419,0.4534365522125581,Up,Up
2022-07-05,0.5490720792928339,0.4509279207071661,Up,Up
2022-07-06,0.5308805628698228,0.4691194371301773,Up,Up
2022-07-07,0.5169598398943769,0.48304016010562306,Up,Up
2022-07-08,0.5080187676095406,0.49198123239045943,Up,Up
2022-07-11,0.5088635058382702,0.49113649416172983,Up,Up
2022-07-12,0.5252121584756916,0.4747878415243084,Up,Up
2022-07-13,0.5342878199598493,0.46571218004015064,Up,Up
2022-07-14,0.5367791261670564,0.46322087383294364,Up,Up
2022-07-15,0.5260806555819231,0.47391934441807687,Up,Up
2022-07-18,0.5024401854559271,0.497559814544073,Up,Up
2022-07-19,0.49682070201342476,0.5031792979865752,Down,Up
2022-07-20,0.484813713038897,0.515186286961103,Down,Up
2022-07-21,0.4769034089153553,0.5230965910846447,Down,Up
2022-07-22,0.467465550060436,0.532534449939564,Down,Up
2022-07-25,0.47616174737318573,0.5238382526268143,Down,Up
2022-07-26,0.49777100926256823,0.5022289907374318,Down,Up
2022-07-27,0.49617428744151626,0.5038257125584837,Down,Up
2022-07-28,0.4722773888831162,0.5277226111168838,Down,Up
2022-07-29,0.45353125276016526,0.5464687472398347,Down,Up
2022-08-01,0.4404893163868133,0.5595106836131867,Down,Up
2022-08-02,0.4435792930719932,0.5564207069280068,Down,Up
2022-08-03,0.44436055313669764,0.5556394468633024,Down,Up
2022-08-04,0.4443988382738272,0.5556011617261728,Down,Up
2022-08-05,0.4436541958652689,0.5563458041347311,Down,Up
2022-08-08,0.4314903533694332,0.5685096466305668,Down,Up
2022-08-10,0.42475308771508813,0.5752469122849119,Down,Down
2022-08-11,0.4113804621584125,0.5886195378415875,Down,Down
2022-08-12,0.41957719246970626,0.5804228075302937,Down,Down
2022-08-16,0.4077613433612576,0.5922386566387424,Down,Down
2022-08-17,0.4019257336051143,0.5980742663948857,Down,Down
2022-08-18,0.4004984189511741,0.5995015810488259,Down,Down
2022-08-19,0.4182015117651696,0.5817984882348304,Down,Down
2022-08-22,0.44243434116138314,0.5575656588386169,Down,Down
2022-08-23,0.4348179599792874,0.5651820400207126,Down,Down
2022-08-24,0.4318066305371584,0.5681933694628416,Down,Down
2022-08-25,0.4394474201920109,0.5605525798079891,Down,Down
2022-08-26,0.43642169618809956,0.5635783038119004,Down,Down
2022-08-29,0.45884056099024206,0.5411594390097579,Down,Down
2022-08-30,0.4183755272943134,0.5816244727056866,Down,Down
2022-09-01,0.4380473740066779,0.5619526259933221,Down,Down
2022-09-02,0.43807655781244625,0.5619234421875537,Down,Down
2022-09-05,0.4267136646921703,0.5732863353078297,Down,Down
2022-09-06,0.4274893078865616,0.5725106921134384,Down,Down
2022-09-07,0.43054325758647416,0.5694567424135258,Down,Down
2022-09-08,0.4148192384014624,0.5851807615985376,Down,Down
2022-09-09,0.4118783729868235,0.5881216270131765,Down,Down
2022-09-12,0.40308009843141834,0.5969199015685817,Down,Down
2022-09-13,0.3914831212414449,0.6085168787585551,Down,Down
2022-09-14,0.39729276424036275,0.6027072357596372,Down,Down
2022-09-15,0.4083036937480452,0.5916963062519548,Down,Up
2022-09-16,0.4391543575184247,0.5608456424815753,Down,Up
2022-09-19,0.4308062021515422,0.5691937978484578,Down,Up
2022-09-20,0.4135575981716335,0.5864424018283665,Down,Up
2022-09-21,0.42256432885546014,0.5774356711445399,Down,Up
2022-09-22,0.43013713608580184,0.5698628639141982,Down,Up
2022-09-23,0.457889153101144,0.542110846898856,Down,Up
2022-09-26,0.48806897132442617,0.5119310286755738,Down,Up
2022-09-27,0.4888870321366192,0.5111129678633808,Down,Up
2022-09-28,0.5026750814541068,0.4973249185458932,Up,Up
2022-09-29,0.506752092284656,0.49324790771534405,Up,Up
2022-09-30,0.4618979839147782,0.5381020160852218,Down,Up
2022-10-03,0.48176263459121094,0.5182373654087891,Down,Up
2022-10-04,0.4448235198643692,0.5551764801356308,Down,Up
2022-10-06,0.43944921313202223,0.5605507868679778,Down,Up
2022-10-07,0.4417859453137798,0.5582140546862202,Down,Up
2022-10-10,0.4479989022427622,0.5520010977572378,Down,Up
2022-10-11,0.47234098207477393,0.5276590179252261,Down,Up
2022-10-12,0.45974526010028915,0.5402547398997108,Down,Up
2022-10-13,0.4708181291259794,0.5291818708740206,Down,Up
2022-10-14,0.45431892527658313,0.5456810747234169,Down,Up
2022-10-17,0.44500856410635536,0.5549914358936446,Down,Up
2022-10-18,0.43505233823915,0.56494766176085,Down,Up
2022-10-19,0.43278045355703043,0.5672195464429696,Down,Up
2022-10-20,0.42977581934504716,0.5702241806549528,Down,Up
2022-10-21,0.4290437769796722,0.5709562230203278,Down,Up
2022-10-24,0.41476545678014987,0.5852345432198501,Down,Up
2022-10-25,0.43443209161129603,0.565567908388704,Down,Up
2022-10-27,0.4268377439218035,0.5731622560781965,Down,Up
2022-10-28,0.42308462527152213,0.5769153747284779,Down,Up
2022-10-31,0.403012182439645,0.596987817560355,Down,Up
2022-11-01,0.3630228432993232,0.6369771567006768,Down,Up
2022-11-02,0.3742457833995878,0.6257542166004122,Down,Up
2022-11-03,0.3763985719248837,0.6236014280751163,Down,Up
2022-11-04,0.3778420536902003,0.6221579463097997,Down,Up
2022-11-07,0.3821329230407121,0.6178670769592879,Down,Up
2022-11-09,0.3857412082944067,0.6142587917055933,Down,Up
2022-11-10,0.3951741282371406,0.6048258717628594,Down,Up
2022-11-11,0.36737698878488534,0.6326230112151147,Down,Down
2022-11-14,0.37655155930819195,0.623448440691808,Down,Down
2022-11-15,0.36953082224902856,0.6304691777509714,Down,Down
2022-11-16,0.36816229364197717,0.6318377063580228,Down,Down
2022-11-17,0.3738184423685399,0.6261815576314601,Down,Down
2022-11-18,0.3766799982140052,0.6233200017859948,Down,Down
2022-11-21,0.3745727099205054,0.6254272900794946,Down,Up
2022-11-22,0.3668734860271131,0.6331265139728869,Down,Down
2022-11-23,0.36550210029490704,0.634497899705093,Down,Down
2022-11-24,0.34766193852400784,0.6523380614759922,Down,Down
2022-11-25,0.3449861594511484,0.6550138405488516,Down,Down
2022-11-28,0.34099754662794424,0.6590024533720558,Down,Down
2022-11-29,0.33702328242708635,0.6629767175729137,Down,Down
2022-11-30,0.32586106933567416,0.6741389306643258,Down,Down
2022-12-01,0.3213560006956889,0.6786439993043111,Down,Down
2022-12-02,0.33050517398037593,0.6694948260196241,Down,Down
2022-12-05,0.33053182431292716,0.6694681756870728,Down,Down
2022-12-06,0.335179305202952,0.664820694797048,Down,Down
2022-12-07,0.34120310016904154,0.6587968998309585,Down,Down
2022-12-08,0.33788240813796666,0.6621175918620333,Down,Down
2022-12-09,0.3466470919645013,0.6533529080354987,Down,Down
2022-12-12,0.3466661218971694,0.6533338781028306,Down,Down
2022-12-13,0.33796143208515717,0.6620385679148428,Down,Down
2022-12-14,0.3333351234716381,0.6666648765283619,Down,Down
2022-12-15,0.3535597127543424,0.6464402872456576,Down,Down
2022-12-16,0.36535758459937173,0.6346424154006283,Down,Down
2022-12-19,0.35293748936521663,0.6470625106347834,Down,Down
2022-12-20,0.35570055339092976,0.6442994466090702,Down,Down
2022-12-21,0.3717761162198112,0.6282238837801888,Down,Down
2022-12-22,0.377475860805917,0.622524139194083,Down,Down
2022-12-23,0.4058757229738651,0.5941242770261349,Down,Down
2022-12-26,0.3875796124514519,0.6124203875485481,Down,Down
2022-12-27,0.37755846822063943,0.6224415317793606,Down,Down
2022-12-28,0.3782969075998335,0.6217030924001665,Down,Down
2022-12-29,0.37263897367877175,0.6273610263212283,Down,Down
2022-12-30,0.37764237766582165,0.6223576223341784,Down,Down
2023-01-02,0.3698597796425027,0.6301402203574973,Down,Down
2023-01-03,0.3670825422095161,0.6329174577904839,Down,Down
2023-01-04,0.38346569964386035,0.6165343003561397,Down,Down
2023-01-05,0.38783468866605,0.61216531133395,Down,Down
2023-01-06,0.3995513690614092,0.6004486309385908,Down,Down
2023-01-09,0.37851544968162887,0.6214845503183711,Down,Down
2023-01-10,0.39447210437164437,0.6055278956283556,Down,Down
2023-01-11,0.39742140459740394,0.6025785954025961,Down,Down
2023-01-12,0.40113396477188146,0.5988660352281185,Down,Down
2023-01-13,0.39601601513044793,0.6039839848695521,Down,Down
2023-01-16,0.4108708326297257,0.5891291673702743,Down,Down
2023-01-17,0.39680558209670846,0.6031944179032915,Down,Down
2023-01-18,0.3866122850160332,0.6133877149839668,Down,Down
2023-01-19,0.39465584180101365,0.6053441581989863,Down,Down
2023-01-20,0.4020567506305597,0.5979432493694403,Down,Down
2023-01-23,0.39178368064693747,0.6082163193530625,Down,Down
2023-01-24,0.3998853778101893,0.6001146221898107,Down,Down
2023-01-25,0.4224057505808291,0.5775942494191709,Down,Down
2023-01-27,0.46047358774366376,0.5395264122563362,Down,Down
2023-01-30,0.4581226529365854,0.5418773470634146,Down,Down
2023-01-31,0.45815294714679466,0.5418470528532053,Down,Down
2023-02-01,0.46213100459553313,0.5378689954044669,Down,Down
2023-02-02,0.4693276512670963,0.5306723487329037,Down,Down
2023-02-03,0.4479920388775741,0.5520079611224259,Down,Down
2023-02-06,0.4598292441957781,0.5401707558042219,Down,Down
2023-02-07,0.47661135495324536,0.5233886450467546,Down,Down
2023-02-08,0.4294480655524705,0.5705519344475295,Down,Down
2023-02-09,0.4287095268951904,0.5712904731048096,Down,Down
2023-02-10,0.43258210822331855,0.5674178917766814,Down,Down
2023-02-13,0.4333665603667507,0.5666334396332493,Down,Down
2023-02-14,0.4211494681544765,0.5788505318455235,Down,Down
2023-02-15,0.4136101055599094,0.5863898944400906,Down,Down
2023-02-16,0.41741499072094235,0.5825850092790577,Down,Down
2023-02-17,0.4258143384034567,0.5741856615965433,Down,Down
2023-02-20,0.4342914698697212,0.5657085301302788,Down,Down
2023-02-21,0.43663814217999497,0.563361857820005,Down,Down
2023-02-22,0.4617642631075397,0.5382357368924603,Down,Up
2023-02-23,0.46576925560425997,0.53423074439574,Down,Up
2023-02-24,0.47059886708910437,0.5294011329108956,Down,Up
2023-02-27,0.47785658649992435,0.5221434135000756,Down,Up
2023-02-28,0.48596904981641154,0.5140309501835885,Down,Up
2023-03-01,0.47226161116059595,0.527738388839404,Down,Up
2023-03-02,0.484393044699608,0.515606955300392,Down,Up
2023-03-03,0.45873483381284474,0.5412651661871553,Down,Up
2023-03-06,0.44771881936107505,0.552281180638925,Down,Up
2023-03-08,0.4438181436765142,0.5561818563234858,Down,Up
2023-03-09,0.4588087993731067,0.5411912006268933,Down,Up
2023-03-10,0.4756199346239658,0.5243800653760342,Down,Up
2023-03-13,0.5008732532862303,0.4991267467137696,Up,Up
2023-03-14,0.5116169255109985,0.48838307448900153,Up,Up
2023-03-15,0.5182726491327372,0.48172735086726276,Up,Up
2023-03-16,0.5174590259890771,0.4825409740109229,Up,Up
2023-03-17,0.5058771146944796,0.49412288530552045,Up,Up
2023-03-20,0.5166476557701281,0.48335234422987194,Up,Up
2023-03-21,0.5050836119773665,0.49491638802263355,Up,Up
2023-03-22,0.5009676400332435,0.4990323599667565,Up,Up
2023-03-23,0.5084067744084618,0.4915932255915382,Up,Up
2023-03-24,0.5208845494483407,0.47911545055165927,Up,Up
2023-03-27,0.5175583452756247,0.48244165472437534,Up,Up
2023-03-28,0.520905601039968,0.479094398960032,Up,Up
2023-03-29,0.5076366478343137,0.4923633521656862,Up,Up
2023-03-31,0.4822511873159969,0.5177488126840031,Down,Up
2023-04-03,0.479026649240901,0.520973350759099,Down,Up
2023-04-05,0.46378157823955535,0.5362184217604447,Down,Up
2023-04-06,0.45981336262971284,0.5401866373702872,Down,Up
2023-04-10,0.45744677284282853,0.5425532271571715,Down,Up
2023-04-11,0.4487685498930216,0.5512314501069784,Down,Up
2023-04-12,0.4401689612818349,0.5598310387181651,Down,Up
2023-04-13,0.4386462647361751,0.5613537352638249,Down,Up
2023-04-17,0.4519994620960427,0.5480005379039573,Down,Up
2023-04-18,0.4655454100851991,0.5344545899148009,Down,Up
2023-04-19,0.469585157596631,0.530414842403369,Down,Up
2023-04-20,0.4688001163697866,0.5311998836302134,Down,Up
2023-04-21,0.4688193413480455,0.5311806586519545,Down,Up
2023-04-24,0.4584574158945245,0.5415425841054755,Down,Up
2023-04-25,0.47288491784246667,0.5271150821575333,Down,Up
2023-04-26,0.4704993258170105,0.5295006741829895,Down,Up
2023-04-27,0.46169643783981307,0.5383035621601869,Down,Up
2023-04-28,0.4482408699086964,0.5517591300913036,Down,Up
2023-05-02,0.4443287081973869,0.5556712918026131,Down,Up
2023-05-03,0.41271687565409176,0.5872831243459082,Down,Up
2023-05-04,0.37438683456202393,0.6256131654379761,Down,Up
2023-05-05,0.3911221336073736,0.6088778663926264,Down,Up
2023-05-08,0.3801988860797132,0.6198011139202868,Down,Up
2023-05-09,0.3802236798330396,0.6197763201669604,Down,Up
2023-05-10,0.3723279286393766,0.6276720713606234,Down,Up
2023-05-11,0.3737931813667871,0.6262068186332129,Down,Up
2023-05-12,0.3766972835817056,0.6233027164182944,Down,Up
2023-05-15,0.369541065371628,0.630458934628372,Down,Up
2023-05-16,0.39354790183129396,0.606452098168706,Down,Up
2023-05-17,0.40248976307257367,0.5975102369274263,Down,Up
2023-05-18,0.408533230423888,0.591466769576112,Down,Up
2023-05-19,0.4018043633785521,0.5981956366214479,Down,Up
2023-05-22,0.41086105545376195,0.589138944546238,Down,Up
2023-05-23,0.40709931751682327,0.5929006824831767,Down,Up
2023-05-24,0.4200296128781351,0.5799703871218649,Down,Up
2023-05-25,0.41701375886740144,0.5829862411325986,Down,Up
2023-05-26,0.3974492012907215,0.6025507987092785,Down,Up
2023-05-29,0.3893320621847084,0.6106679378152916,Down,Up
2023-05-30,0.3856842265226801,0.6143157734773199,Down,Up
2023-05-31,0.3938120377547484,0.6061879622452516,Down,Up
2023-06-01,0.39830329470238235,0.6016967052976177,Down,Up
2023-06-02,0.3946158293742692,0.6053841706257308,Down,Up
2023-06-05,0.3894636135456786,0.6105363864543214,Down,Up
2023-06-06,0.3887515510190087,0.6112484489809913,Down,Up
2023-06-07,0.37783551220009215,0.6221644877999079,Down,Up
2023-06-08,0.38587714454191013,0.6141228554580899,Down,Up
2023-06-09,0.3917796442080308,0.6082203557919692,Down,Up
2023-06-12,0.38886650828422986,0.6111334917157701,Down,Up
2023-06-13,0.3793718666062533,0.6206281333937467,Down,Up
2023-06-14,0.37578756412573877,0.6242124358742612,Down,Up
2023-06-15,0.38161726487649206,0.6183827351235079,Down,Up
2023-06-16,0.3700757846601037,0.6299242153398963,Down,Up
2023-06-19,0.3758685092861639,0.6241314907138361,Down,Up
2023-06-20,0.3708498541936802,0.6291501458063198,Down,Up
2023-06-21,0.3672921463078661,0.6327078536921339,Down,Up
2023-06-22,0.37522720318655844,0.6247727968134416,Down,Up
2023-06-23,0.3839660995586188,0.6160339004413812,Down,Up
2023-06-26,0.38180562551437014,0.6181943744856299,Down,Up
2023-06-27,0.371688041522628,0.628311958477372,Down,Up
2023-06-28,0.3588980045581349,0.6411019954418651,Down,Up
2023-06-30,0.3395251859019608,0.6604748140980392,Down,Up
2023-07-03,0.3294139131209809,0.6705860868790191,Down,Up
2023-07-04,0.32410840062485846,0.6758915993751415,Down,Up
2023-07-05,0.3234709568527334,0.6765290431472666,Down,Down
2023-07-06,0.3156214311096597,0.6843785688903403,Down,Down
2023-07-07,0.32885478398640566,0.6711452160135943,Down,Up
2023-07-10,0.3268658261906845,0.6731341738093155,Down,Up
2023-07-11,0.32027245866277976,0.6797275413372202,Down,Up
2023-07-12,0.32492703760542485,0.6750729623945751,Down,Up
2023-07-13,0.24972240381527255,0.7502775961847274,Down,Down
2023-07-14,0.24147030347067022,0.7585296965293298,Down,Down
2023-07-17,0.23181188952997345,0.7681881104700266,Down,Down
2023-07-18,0.22971853039315693,0.7702814696068431,Down,Down
2023-07-19,0.23451686386173987,0.7654831361382601,Down,Down
2023-07-20,0.22661700460503442,0.7733829953949656,Down,Down
2023-07-21,0.24215786278251583,0.7578421372174842,Down,Down
2023-07-24,0.2488073119823495,0.7511926880176505,Down,Down
2023-07-25,0.2647774757716057,0.7352225242283943,Down,Down
2023-07-26,0.2411336462474627,0.7588663537525373,Down,Down
2023-07-27,0.2488867217119486,0.7511132782880514,Down,Up
2023-07-28,0.30390423042492354,0.6960957695750765,Down,Up
2023-07-31,0.2976022481412862,0.7023977518587138,Down,Up
2023-08-01,0.30078908764607404,0.699210912353926,Down,Up
2023-08-02,0.3162576634726807,0.6837423365273193,Down,Up
2023-08-03,0.32754273436936154,0.6724572656306385,Down,Up
2023-08-04,0.3169659905024109,0.6830340094975891,Down,Up
2023-08-07,0.3091875023470586,0.6908124976529414,Down,Up
2023-08-08,0.315705491678818,0.684294508321182,Down,Up
2023-08-09,0.31053440811441047,0.6894655918855895,Down,Up
2023-08-10,0.31315127929218,0.68684872070782,Down,Up
2023-08-11,0.3223787125988684,0.6776212874011316,Down,Up
2023-08-14,0.3217482465124313,0.6782517534875687,Down,Up
2023-08-16,0.3297714003596075,0.6702285996403925,Down,Up
2023-08-17,0.33862246678704355,0.6613775332129564,Down,Up
2023-08-18,0.3434483729592219,0.6565516270407781,Down,Up
2023-08-21,0.33661655204370944,0.6633834479562906,Down,Up
2023-08-22,0.3567592525887785,0.6432407474112215,Down,Up
2023-08-23,0.3525628230344804,0.6474371769655196,Down,Up
2023-08-24,0.3575086738883292,0.6424913261116708,Down,Up
2023-08-25,0.3675203640762239,0.6324796359237761,Down,Up
2023-08-28,0.3639527151981514,0.6360472848018486,Down,Up
2023-08-29,0.3611298831137886,0.6388701168862114,Down,Up
2023-08-30,0.3611603004325308,0.6388396995674692,Down,Up
2023-08-31,0.36834163952230414,0.6316583604776959,Down,Up
2023-09-01,0.35414307684507984,0.6458569231549202,Down,Up
2023-09-04,0.3464873841410263,0.6535126158589737,Down,Up
2023-09-05,0.3430499995466191,0.6569500004533809,Down,Up
2023-09-06,0.3403244005095992,0.6596755994904008,Down,Down
2023-09-07,0.346571192656395,0.653428807343605,Down,Down
2023-09-08,0.3389919304775413,0.6610080695224587,Down,Down
2023-09-11,0.3254889207640166,0.6745110792359834,Down,Down
2023-09-12,0.32617983348204815,0.6738201665179518,Down,Down
2023-09-13,0.32020828347540364,0.6797917165245964,Down,Down
2023-09-14,0.3175950637051448,0.6824049362948552,Down,Down
2023-09-15,0.3110709243510308,0.6889290756489692,Down,Down
2023-09-18,0.315674954045856,0.684325045954144,Down,Down
2023-09-20,0.333055885440675,0.666944114559325,Down,Down
2023-09-21,0.34544921761175973,0.6545507823882403,Down,Down
2023-09-22,0.3510510197110721,0.6489489802889279,Down,Down
2023-09-25,0.35107063277871775,0.6489293672212822,Down,Down
2023-09-26,0.3518063253230226,0.6481936746769774,Down,Down
2023-09-27,0.34764004030193196,0.652359959698068,Down,Down
2023-09-28,0.3631922519072487,0.6368077480927513,Down,Up
2023-09-29,0.3518822736433552,0.6481177263566448,Down,Down
2023-10-03,0.36038847261376994,0.6396115273862301,Down,Up
2023-10-04,0.3682996060315822,0.6317003939684178,Down,Up
2023-10-05,0.35901756294945397,0.640982437050546,Down,Up
2023-10-06,0.3505812969738158,0.6494187030261842,Down,Up
2023-10-09,0.361924408007119,0.638075591992881,Down,Up
2023-10-10,0.34782547790183094,0.6521745220981691,Down,Up
2023-10-11,0.33816219791365054,0.6618378020863495,Down,Down
2023-10-12,0.3395731871201577,0.6604268128798423,Down,Up
2023-10-13,0.34374107170372825,0.6562589282962717,Down,Up
2023-10-16,0.3465455508081632,0.6534544491918368,Down,Up
2023-10-17,0.3403265839095989,0.6596734160904011,Down,Up
2023-10-18,0.37660280394990775,0.6233971960500923,Down,Up
2023-10-19,0.3839800255476602,0.6160199744523398,Down,Up
2023-10-20,0.39067510453119414,0.6093248954688059,Down,Up
2023-10-23,0.4149593069387755,0.5850406930612245,Down,Up
2023-10-25,0.4495184853650277,0.5504815146349723,Down,Up
2023-10-26,0.4729659403892207,0.5270340596107793,Down,Up
2023-10-27,0.45597707645775776,0.5440229235422422,Down,Up
2023-10-30,0.4511697426822687,0.5488302573177313,Down,Up
2023-10-31,0.4878086082247626,0.5121913917752374,Down,Up
2023-11-01,0.49195351306877955,0.5080464869312205,Down,Up
2023-11-02,0.46168467410752634,0.5383153258924737,Down,Up
2023-11-03,0.45284503468853865,0.5471549653114613,Down,Up
2023-11-06,0.44645389806479674,0.5535461019352033,Down,Up
2023-11-07,0.4496700861503313,0.5503299138496687,Down,Up
2023-11-08,0.4457112752168728,0.5542887247831272,Down,Up
2023-11-09,0.4505154045374271,0.5494845954625729,Down,Up
2023-11-10,0.4473314663155775,0.5526685336844225,Down,Up
2023-11-12,0.43940665225593856,0.5605933477440614,Down,Up
2023-11-13,0.4465838562679052,0.5534161437320948,Down,Up
2023-11-15,0.43944702205319697,0.560552977946803,Down,Up
2023-11-16,0.43315220144287614,0.5668477985571239,Down,Up
2023-11-17,0.4355443761589288,0.5644556238410712,Down,Up
2023-11-20,0.4387262904755135,0.5612737095244865,Down,Up
2023-11-21,0.43243217816249535,0.5675678218375046,Down,Up
2023-11-22,0.4300994862923,0.5699005137077,Down,Up
2023-11-23,0.4308957785220294,0.5691042214779706,Down,Up
2023-11-24,0.4317086615647183,0.5682913384352817,Down,Up
2023-11-28,0.4231252370981047,0.5768747629018953,Down,Up
2023-11-29,0.4061734323102848,0.5938265676897152,Down,Up
2023-11-30,0.4031487290025205,0.5968512709974795,Down,Up
2023-12-01,0.3925840316871808,0.6074159683128192,Down,Up
2023-12-04,0.35961572360746763,0.6403842763925324,Down,Up
2023-12-05,0.3469087742646888,0.6530912257353112,Down,Up
2023-12-06,0.34065012413482987,0.6593498758651701,Down,Up
2023-12-07,0.3434562366816367,0.6565437633183633,Down,Up
2023-12-08,0.33863847576847983,0.6613615242315202,Down,Up
2023-12-11,0.33658996921704154,0.6634100307829585,Down,Up
2023-12-12,0.3435445928521369,0.6564554071478631,Down,Up
2023-12-13,0.3421686141355409,0.6578313858644591,Down,Up
2023-12-14,0.32374231138256726,0.6762576886174327,Down,Up
2023-12-15,0.3046136604385643,0.6953863395614357,Down,Up
2023-12-18,0.30724365511999563,0.6927563448800044,Down,Up
2023-12-19,0.3046728971961643,0.6953271028038357,Down,Up
2023-12-20,0.3258739985461837,0.6741260014538163,Down,Up
2023-12-21,0.3185105140520479,0.6814894859479521,Down,Up
2023-12-22,0.31192853413156807,0.6880714658684319,Down,Up
2023-12-26,0.30540791351497765,0.6945920864850224,Down,Up
2023-12-27,0.2907378559456627,0.7092621440543373,Down,Up
2023-12-28,0.28266480752549794,0.7173351924745021,Down,Up
2023-12-29,0.28891349311731307,0.7110865068826869,Down,Down
2024-01-01,0.28831575666045706,0.7116842433395429,Down,Up
2024-01-02,0.2933697060732552,0.7066302939267448,Down,Up
2024-01-03,0.303634664474308,0.696365335525692,Down,Up
2024-01-04,0.2940614971802953,0.7059385028197047,Down,Up
2024-01-05,0.29029244528081233,0.7097075547191877,Down,Up
2024-01-08,0.3037160507002512,0.6962839492997488,Down,Up
2024-01-09,0.3018161967403239,0.6981838032596761,Down,Up
2024-01-10,0.2966963488962102,0.7033036511037898,Down,Up
2024-01-11,0.29481805081318635,0.7051819491868137,Down,Up
2024-01-12,0.27861917502026057,0.7213808249797394,Down,Up
2024-01-15,0.26360849353154936,0.7363915064684506,Down,Up
2024-01-16,0.26779235514827615,0.7322076448517238,Down,Down
2024-01-17,0.29812762832348527,0.7018723716765147,Down,Up
2024-01-18,0.32379898328171053,0.6762010167182895,Down,Up
2024-01-19,0.3138054887817553,0.6861945112182447,Down,Up
2024-01-20,0.31782049135330914,0.6821795086466909,Down,Up
2024-01-23,0.3466236850675294,0.6533763149324706,Down,Up
2024-01-24,0.34103876292333046,0.6589612370766695,Down,Up
2024-01-25,0.3494960014018531,0.6505039985981469,Down,Up
2024-01-29,0.32800724018396066,0.6719927598160393,Down,Up
2024-01-30,0.34671679939141753,0.6532832006085825,Down,Up
2024-01-31,0.33629589551978145,0.6637041044802185,Down,Up
2024-02-01,0.3418686977595873,0.6581313022404127,Down,Up
2024-02-02,0.3328972211363893,0.6671027788636107,Down,Up
2024-02-05,0.3412191224325305,0.6587808775674695,Down,Up
2024-02-06,0.3227367173799671,0.6772632826200329,Down,Down
2024-02-07,0.3227653546894933,0.6772346453105067,Down,Down
2024-02-08,0.33713750952065913,0.6628624904793409,Down,Up
2024-02-09,0.3330245299312986,0.6669754700687014,Down,Up
2024-02-12,0.3420563526427842,0.6579436473572158,Down,Up
2024-02-13,0.3337699134726261,0.6662300865273739,Down,Up
2024-02-14,0.3276228499269941,0.6723771500730059,Down,Up
2024-02-15,0.32562007357415645,0.6743799264258435,Down,Up
2024-02-16,0.3162266256997316,0.6837733743002684,Down,Up
2024-02-19,0.3109336308334536,0.6890663691665464,Down,Up
2024-02-20,0.30571155554525375,0.6942884444547462,Down,Up
2024-02-21,0.3156331240745649,0.6843668759254351,Down,Up
2024-02-22,0.30445816632578104,0.695541833674219,Down,Up
2024-02-23,0.30514309653265403,0.694856903467346,Down,Up
2024-02-26,0.3110785060952561,0.6889214939047439,Down,Up
2024-02-27,0.30583692314186606,0.6941630768581339,Down,Up
2024-02-28,0.32316046803772347,0.6768395319622765,Down,Up
2024-02-29,0.32049177815950103,0.679508221840499,Down,Up
2024-03-01,0.2968454784691976,0.7031545215308024,Down,Down
2024-03-02,0.2943144379871082,0.7056855620128918,Down,Down
2024-03-04,0.2924306978849157,0.7075693021150843,Down,Down
2024-03-05,0.29564171349184254,0.7043582865081575,Down,Up
2024-03-06,0.2880573344462509,0.7119426655537491,Down,Down
2024-03-07,0.28681886456425787,0.7131811354357421,Down,Up
2024-03-11,0.297013053742056,0.702986946257944,Down,Up
2024-03-12,0.29703472400690145,0.7029652759930985,Down,Up
2024-03-13,0.3200757960308058,0.6799242039691942,Down,Up
2024-03-14,0.3101017519491427,0.6898982480508573,Down,Up
2024-03-15,0.31812826966418917,0.6818717303358108,Down,Up
2024-03-18,0.31613871257787074,0.6838612874221293,Down,Up
2024-03-19,0.3331392320040417,0.6668607679959583,Down,Up
2024-03-20,0.3310971018214689,0.6689028981785311,Down,Up
2024-03-21,0.3188917436199985,0.6811082563800015,Down,Down
2024-03-22,0.3135664352338434,0.6864335647661566,Down,Down
2024-03-26,0.31962206457152376,0.6803779354284762,Down,Up
2024-03-27,0.31163146352433624,0.6883685364756638,Down,Up
2024-03-28,0.3090127086706902,0.6909872913293098,Down,Down
2024-04-01,0.2998848032085504,0.7001151967914496,Down,Down
2024-04-02,0.3005646078466462,0.6994353921533538,Down,Up
2024-04-03,0.30187691231034197,0.698123087689658,Down,Up
2024-04-04,0.2967403515026452,0.7032596484973548,Down,Up
2024-04-05,0.29676744051209036,0.7032325594879096,Down,Up
2024-04-08,0.28660305965876676,0.7133969403412332,Down,Up
2024-04-09,0.28852598962696374,0.7114740103730363,Down,Up
2024-04-10,0.28103383272742954,0.7189661672725705,Down,Up
2024-04-12,0.29622779650269504,0.703772203497305,Down,Up
2024-04-15,0.313273034883214,0.686726965116786,Down,Up
2024-04-16,0.32270788567940856,0.6772921143205914,Down,Up
2024-04-18,0.33300419046241103,0.666995809537589,Down,Up
2024-04-19,0.32275761680934045,0.6772423831906595,Down,Up
2024-04-22,0.3160440941493382,0.6839559058506618,Down,Down
2024-04-23,0.3323987970119039,0.6676012029880961,Down,Up
2024-04-24,0.3296588147444728,0.6703411852555272,Down,Up
2024-04-25,0.3181210425526191,0.6818789574473809,Down,Up
2024-04-26,0.37103775711001763,0.6289622428899824,Down,Up
2024-04-29,0.3564906287466846,0.6435093712533154,Down,Up
2024-04-30,0.3710826171380548,0.6289173828619452,Down,Up
2024-05-02,0.3689041496938801,0.6310958503061199,Down,Up
2024-05-03,0.3807787147049889,0.6192212852950111,Down,Up
2024-05-06,0.38831611450583003,0.61168388549417,Down,Up
2024-05-07,0.40052439348172153,0.5994756065182785,Down,Up
2024-05-08,0.40054779460840784,0.5994522053915922,Down,Up
2024-05-09,0.4278559479703251,0.5721440520296749,Down,Up
2024-05-10,0.4223481231772327,0.5776518768227673,Down,Up
2024-05-13,0.42079765150605497,0.579202348493945,Down,Up
2024-05-14,0.43348486960169685,0.5665151303983031,Down,Up
2024-05-15,0.43509545349476064,0.5649045465052394,Down,Up
2024-05-16,0.41614844400146,0.58385155599854,Down,Up
2024-05-17,0.4114814021464501,0.5885185978535499,Down,Up
2024-05-18,0.40917327404510684,0.5908267259548932,Down,Up
2024-05-21,0.40765405916683384,0.5923459408331662,Down,Up
2024-05-22,0.4053507377721408,0.5946492622278592,Down,Up
2024-05-23,0.37878959717094496,0.621210402829055,Down,Up
2024-05-24,0.380313259038912,0.619686740961088,Down,Up
2024-05-27,0.38258183041602967,0.6174181695839703,Down,Up
2024-05-28,0.39090179760562815,0.6090982023943718,Down,Up
2024-05-29,0.4039484674525554,0.5960515325474446,Down,Up
2024-05-30,0.4203289712713969,0.5796710287286031,Down,Up
2024-05-31,0.4172137945400176,0.5827862054599824,Down,Up
2024-06-03,0.3619704439113347,0.6380295560886653,Down,Up
2024-06-04,0.4646525443081895,0.5353474556918105,Down,Up
2024-06-05,0.4086884508169013,0.5913115491830987,Down,Up
2024-06-06,0.39332018167753324,0.6066798183224668,Down,Up
2024-06-07,0.36056858666582037,0.6394314133341796,Down,Up
2024-06-10,0.3627835896782211,0.6372164103217789,Down,Up
2024-06-11,0.36207880382310753,0.6379211961768925,Down,Up
2024-06-12,0.3584682063034007,0.6415317936965993,Down,Up
2024-06-13,0.3534445341303254,0.6465554658696746,Down,Up
2024-06-14,0.3484527608632422,0.6515472391367578,Down,Up
2024-06-18,0.34278527591258334,0.6572147240874167,Down,Up
2024-06-19,0.34564974459282094,0.6543502554071791,Down,Up
2024-06-20,0.3421334873954761,0.6578665126045239,Down,Up
2024-06-21,0.347117258751396,0.652882741248604,Down,Up
2024-06-24,0.34431093944252256,0.6556890605574774,Down,Up
2024-06-25,0.3323921064429459,0.6676078935570541,Down,Up
2024-06-26,0.32277450342800784,0.6772254965719922,Down,Up
2024-06-27,0.3113297903150396,0.6886702096849604,Down,Up
2024-06-28,0.31201382071454997,0.68798617928545,Down,Up
2024-07-01,0.30407842778928496,0.695921572210715,Down,Down
2024-07-02,0.30476395321982697,0.695236046780173,Down,Up
2024-07-03,0.2950025385673505,0.7049974614326495,Down,Up
2024-07-04,0.2937410437513932,0.7062589562486068,Down,Up
2024-07-05,0.29248039436223794,0.7075196056377621,Down,Up
2024-07-08,0.2931471445851346,0.7068528554148654,Down,Up
2024-07-09,0.28614394242800134,0.7138560575719987,Down,Up
2024-07-10,0.29255040999439874,0.7074495900056013,Down,Up
2024-07-11,0.29322388981233105,0.706776110187669,Down,Up
2024-07-12,0.28180084740315414,0.7181991525968459,Down,Up
2024-07-15,0.2780757423096527,0.7219242576903473,Down,Up
2024-07-16,0.2774865306087184,0.7225134693912816,Down,Up
2024-07-18,0.2664654508122275,0.7335345491877725,Down,Up
2024-07-19,0.28254422052663297,0.717455779473367,Down,Up
2024-07-22,0.28445267884239467,0.7155473211576053,Down,Up
2024-07-23,0.2953567797352161,0.7046432202647839,Down,Up
2024-07-24,0.29927878481794246,0.7007212151820575,Down,Up
2024-07-25,0.3006142509841869,0.6993857490158131,Down,Up
2024-07-26,0.2770320328424082,0.7229679671575918,Down,Up
2024-07-29,0.2770531669636358,0.7229468330363642,Down,Up
2024-07-30,0.28271422181815464,0.7172857781818454,Down,Up
2024-07-31,0.2771083607183078,0.7228916392816922,Down,Up
2024-08-01,0.274030091155967,0.725969908844033,Down,Up
2024-08-02,0.29687199507641415,0.7031280049235858,Down,Up
2024-08-05,0.3453114493254221,0.6546885506745779,Down,Up
2024-08-06,0.35106768334330496,0.648932316656695,Down,Up
2024-08-07,0.32919677084192533,0.6708032291580747,Down,Up
2024-08-08,0.34112164456559,0.65887835543441,Down,Up
2024-08-09,0.3250948107371927,0.6749051892628073,Down,Up
2024-08-12,0.3264931719669679,0.6735068280330321,Down,Up
2024-08-13,0.3397994240664747,0.6602005759335253,Down,Up
2024-08-14,0.33911334774571045,0.6608866522542896,Down,Up
2024-08-16,0.3163172648109418,0.6836827351890582,Down,Up
2024-08-19,0.31430668931569417,0.6856933106843058,Down,Up
2024-08-20,0.30629904266328944,0.6937009573367106,Down,Up
2024-08-21,0.30236341874577,0.69763658125423,Down,Up
2024-08-22,0.29975609499098,0.70024390500902,Down,Up
2024-08-23,0.2991291620501787,0.7008708379498213,Down,Down
2024-08-26,0.2875204397060801,0.7124795602939199,Down,Up
2024-08-27,0.2875500901789997,0.7124499098210003,Down,Down
2024-08-28,0.28502011263682125,0.7149798873631787,Down,Down
2024-08-29,0.2793719686262849,0.7206280313737151,Down,Down
2024-08-30,0.27317352880342527,0.7268264711965747,Down,Down
2024-09-02,0.2707341546652109,0.7292658453347891,Down,Down
2024-09-03,0.2707610054104529,0.7292389945895471,Down,Down
2024-09-04,0.2757344241781321,0.7242655758218679,Down,Down
2024-09-05,0.27888310311893494,0.7211168968810651,Down,Down
2024-09-06,0.29615946856270714,0.7038405314372929,Down,Down
2024-09-09,0.2910000208083813,0.7089999791916187,Down,Down
2024-09-10,0.284632130790737,0.715367869209263,Down,Down
2024-09-11,0.2923382936933857,0.7076617063066143,Down,Down
2024-09-12,0.26482835540684513,0.7351716445931549,Down,Down
2024-09-13,0.26667041803959357,0.7333295819604064,Down,Down
2024-09-16,0.26487760546707606,0.7351223945329239,Down,Down
2024-09-17,0.26307939174235395,0.736920608257646,Down,Down
2024-09-18,0.2655319551714802,0.7344680448285198,Down,Down
2024-09-19,0.2631384775589134,0.7368615224410866,Down,Down
2024-09-20,0.24317197905656773,0.7568280209434323,Down,Down
2024-09-23,0.23527764149066666,0.7647223585093333,Down,Down
2024-09-24,0.23529705536135626,0.7647029446386437,Down,Down
2024-09-25,0.2319848088496872,0.7680151911503128,Down,Down
2024-09-26,0.2211096033369191,0.7788903966630809,Down,Down
2024-09-27,0.22328384661098266,0.7767161533890173,Down,Down
2024-09-30,0.22766669517133675,0.7723333048286632,Down,Down
2024-10-01,0.22823692370390503,0.771763076296095,Down,Down
2024-10-03,0.25742405729926,0.74257594270074,Down,Down
2024-10-04,0.2707789969048565,0.7292210030951435,Down,Down
2024-10-07,0.28393793180713356,0.7160620681928664,Down,Down
2024-10-08,0.2714439539547455,0.7285560460452545,Down,Down
2024-10-09,0.2733241965722808,0.7266758034277192,Down,Down
2024-10-10,0.27210325720713757,0.7278967427928624,Down,Down
2024-10-11,0.273998345108339,0.726001654891661,Down,Down
2024-10-14,0.2648042261062904,0.7351957738937096,Down,Down
2024-10-15,0.2691115913325398,0.7308884086674602,Down,Down
2024-10-16,0.2740781608665189,0.7259218391334811,Down,Down
2024-10-17,0.28734916887961615,0.7126508311203839,Down,Down
2024-10-18,0.2797577239779726,0.7202422760220274,Down,Down
2024-10-21,0.28933018061853844,0.7106698193814616,Down,Down
2024-10-22,0.3158414534852142,0.6841585465147858,Down,Up
2024-10-23,0.31722138568796465,0.6827786143120353,Down,Up
2024-10-24,0.3206718011734624,0.6793281988265376,Down,Up
2024-10-25,0.33459856802006605,0.665401431979934,Down,Up
2024-10-28,0.3220904476334181,0.6779095523665819,Down,Up
2024-10-29,0.3031882866201968,0.6968117133798032,Down,Up
2024-10-30,0.31124563182307274,0.6887543681769273,Down,Up
2024-10-31,0.3333069699142973,0.6666930300857027,Down,Up
2024-11-01,0.3263490978230438,0.6736509021769562,Down,Up
2024-11-04,0.3490412301852672,0.6509587698147328,Down,Up
2024-11-05,0.3354960885589038,0.6645039114410962,Down,Down
2024-11-06,0.3181457783254522,0.6818542216745478,Down,Down
2024-11-07,0.335547807243442,0.664452192756558,Down,Down
2024-11-08,0.35568480181203355,0.6443151981879665,Down,Down
2024-11-11,0.3586347036167572,0.6413652963832428,Down,Down
2024-11-12,0.3810303167540636,0.6189696832459364,Down,Down
2024-11-13,0.40022478631528924,0.5997752136847108,Down,Up
2024-11-14,0.4025814835180781,0.5974185164819219,Down,Up
2024-11-18,0.4088522557572709,0.5911477442427291,Down,Up
2024-11-19,0.4026166697605199,0.5973833302394801,Down,Up
2024-11-21,0.41520761398798567,0.5847923860120143,Down,Up
2024-11-22,0.37509771864778374,0.6249022813522163,Down,Down
2024-11-25,0.35437935401298915,0.6456206459870109,Down,Down
2024-11-26,0.35587078994378163,0.6441292100562184,Down,Down
2024-11-27,0.35079053544948147,0.6492094645505185,Down,Down
2024-11-28,0.3751979057314083,0.6248020942685917,Down,Down
2024-11-29,0.3603424174451628,0.6396575825548372,Down,Down
2024-12-02,0.35013955777139283,0.6498604422286072,Down,Down
2024-12-03,0.3386675385447393,0.6613324614552607,Down,Down
2024-12-04,0.33799021665128104,0.662009783348719,Down,Down
2024-12-05,0.3225877333426441,0.6774122666573559,Down,Down
2024-12-06,0.3239979686944895,0.6760020313055105,Down,Down
2024-12-09,0.3281970676433196,0.6718029323566804,Down,Down
2024-12-10,0.32892898014180494,0.6710710198581951,Down,Down
2024-12-11,0.3268548585482167,0.6731451414517833,Down,Down
2024-12-12,0.33249010628722375,0.6675098937127762,Down,Down
2024-12-13,0.3186013485295054,0.6813986514704946,Down,Down
2024-12-16,0.32484403287463637,0.6751559671253636,Down,Down
2024-12-17,0.34682799800016406,0.6531720019998359,Down,Down
2024-12-18,0.3563019214805899,0.6436980785194101,Down,Down
2024-12-19,0.37264360189967194,0.6273563981003281,Down,Down
2024-12-20,0.39865447737242254,0.6013455226275775,Down,Down
2024-12-23,0.3871088340875326,0.6128911659124674,Down,Down
2024-12-24,0.38865822426984864,0.6113417757301514,Down,Up
2024-12-26,0.38715043929991,0.61284956070009,Down,Down
2024-12-27,0.38259067129067326,0.6174093287093267,Down,Down
2024-12-30,0.3948914022482799,0.6051085977517201,Down,Down
2024-12-31,0.39259487206014976,0.6074051279398502,Down,Down
2025-01-01,0.38570127895284756,0.6142987210471524,Down,Down
2025-01-02,0.35502464677341405,0.644975353226586,Down,Down
2025-01-03,0.367621853267849,0.632378146732151,Down,Down
2025-01-06,0.395023811814028,0.604976188185972,Down,Down
2025-01-07,0.38887399523129784,0.6111260047687022,Down,Down
2025-01-08,0.3896657400544117,0.6103342599455883,Down,Down
2025-01-09,0.40130582309055407,0.5986941769094459,Down,Down
2025-01-10,0.4083756069801928,0.5916243930198072,Down,Down
2025-01-13,0.43556680045334806,0.5644331995466519,Down,Down
2025-01-14,0.4283188640001583,0.5716811359998417,Down,Down
2025-01-15,0.42592106534128915,0.5740789346587108,Down,Down
2025-01-16,0.4187455579067536,0.5812544420932464,Down,Down
2025-01-17,0.42676177748893385,0.5732382225110662,Down,Down
